   7.7787997e-01   9.4084290e-02   1.2565658e-01   5.0000000e+00
   7.7758947e-01   9.5124787e-02   1.2703925e-01   5.0000000e+00
   7.7746355e-01   9.4381568e-02   1.2776117e-01   5.0000000e+00
   7.7802618e-01   9.4425468e-02   1.2733307e-01   5.0000000e+00
   7.7907983e-01   9.6680139e-02   1.2975087e-01   5.0000000e+00
   7.7619374e-01   9.9484333e-02   1.3145879e-01   5.0000000e+00
   7.7182976e-01   1.0693521e-01   1.3934236e-01   5.0000000e+00
   7.6078787e-01   1.0977202e-01   1.6142283e-01   5.0000000e+00
   7.5340742e-01   1.1903411e-01   1.9060188e-01   5.0000000e+00
   7.5123145e-01   1.3009984e-01   2.1746673e-01   5.0000000e+00
   7.4798613e-01   1.3762205e-01   2.3790042e-01   5.0000000e+00
   7.5052712e-01   1.4303573e-01   2.5503127e-01   5.0000000e+00
   7.4909040e-01   1.5188482e-01   2.7392253e-01   5.0000000e+00
   7.5013914e-01   1.5536619e-01   2.8798946e-01   5.0000000e+00
   7.5873562e-01   1.6158965e-01   3.0771497e-01   5.0000000e+00
   7.5921864e-01   1.6694094e-01   3.3047648e-01   5.0000000e+00
   7.5224676e-01   1.7090284e-01   3.4517688e-01   5.0000000e+00
   7.4740319e-01   1.7748532e-01   3.4893376e-01   5.0000000e+00
   7.4030017e-01   1.8549985e-01   3.5467028e-01   5.0000000e+00
   7.3624140e-01   1.9531685e-01   3.5635157e-01   5.0000000e+00
   7.3733990e-01   2.0586289e-01   3.5782950e-01   5.0000000e+00
   7.4333610e-01   2.2257075e-01   3.5696979e-01   5.0000000e+00
   7.5055542e-01   2.4149187e-01   3.5411686e-01   5.0000000e+00
   7.5263966e-01   2.5321227e-01   3.5402760e-01   1.0000000e+00
   7.6957992e-01   2.6809517e-01   3.5090477e-01   1.0000000e+00
   7.8284966e-01   3.0258517e-01   3.5084564e-01   1.0000000e+00
   7.8036152e-01   3.2833625e-01   3.5997614e-01   1.0000000e+00
   7.8568445e-01   3.5958872e-01   3.6467623e-01   1.0000000e+00
   7.9636954e-01   3.9527223e-01   3.6339118e-01   1.0000000e+00
   8.0335633e-01   4.1807727e-01   3.5580306e-01   1.0000000e+00
   8.2179855e-01   4.2903412e-01   3.4796304e-01   1.0000000e+00
   8.3624341e-01   4.3978854e-01   3.3903705e-01   1.0000000e+00
   8.4293107e-01   4.4967646e-01   3.3633023e-01   1.0000000e+00
   8.4739285e-01   4.6687625e-01   3.3101967e-01   3.0000000e+00
   8.5059674e-01   4.7263669e-01   3.2879965e-01   3.0000000e+00
   8.5530082e-01   4.8210648e-01   3.2516970e-01   1.0000000e+00
   8.5385718e-01   4.9379660e-01   3.2181402e-01   1.0000000e+00
   8.5577098e-01   5.0169620e-01   3.1898232e-01   1.0000000e+00
   8.5852051e-01   5.1028294e-01   3.2146646e-01   1.0000000e+00
   8.6162956e-01   5.1476745e-01   3.2359701e-01   3.0000000e+00
   8.6754966e-01   5.1873066e-01   3.2019815e-01   3.0000000e+00
   8.6509861e-01   5.2294867e-01   3.0984528e-01   3.0000000e+00
   8.6098049e-01   5.2626264e-01   3.0055467e-01   3.0000000e+00
   8.6034218e-01   5.2864889e-01   2.9238661e-01   3.0000000e+00
   8.5806625e-01   5.3370983e-01   2.7625296e-01   3.0000000e+00
   8.5750990e-01   5.3366777e-01   2.5010245e-01   3.0000000e+00
   8.6506697e-01   5.2905884e-01   2.2393306e-01   3.0000000e+00
   8.6941447e-01   5.2483054e-01   2.0290560e-01   3.0000000e+00
   8.6812184e-01   5.2330458e-01   1.8687571e-01   3.0000000e+00
   8.7118328e-01   5.2172047e-01   1.7739328e-01   3.0000000e+00
   8.7190267e-01   5.2042960e-01   1.6509229e-01   3.0000000e+00
   8.7191223e-01   5.2005841e-01   1.5940937e-01   3.0000000e+00
   8.7405751e-01   5.1762589e-01   1.4933506e-01   3.0000000e+00
   8.7700796e-01   5.1749556e-01   1.4188271e-01   3.0000000e+00
   8.7586385e-01   5.1792467e-01   1.4051450e-01   3.0000000e+00
   8.7579984e-01   5.1779613e-01   1.4141676e-01   3.0000000e+00
   8.7429429e-01   5.1857569e-01   1.4218655e-01   3.0000000e+00
   8.7383715e-01   5.1882923e-01   1.4284959e-01   3.0000000e+00
   8.7444733e-01   5.1616358e-01   1.4204309e-01   3.0000000e+00
   8.7546633e-01   5.1629452e-01   1.4136086e-01   3.0000000e+00
