   7.3686622e-01   7.2559094e-02   1.1964385e-01   4.0000000e+00
   7.3913277e-01   7.1665656e-02   1.1876421e-01   4.0000000e+00
   7.3708335e-01   7.3972963e-02   1.1930883e-01   4.0000000e+00
   7.3406445e-01   7.4111843e-02   1.2136919e-01   4.0000000e+00
   7.3080918e-01   7.4951115e-02   1.3009667e-01   4.0000000e+00
   7.2611264e-01   8.0309553e-02   1.4529915e-01   4.0000000e+00
   7.1704024e-01   8.7128727e-02   1.6639633e-01   5.0000000e+00
   7.1118944e-01   9.1900811e-02   1.9172993e-01   5.0000000e+00
   7.0765269e-01   9.0078346e-02   2.1601889e-01   5.0000000e+00
   7.0821838e-01   8.9291794e-02   2.4242733e-01   5.0000000e+00
   7.0986345e-01   9.0253180e-02   2.7032746e-01   5.0000000e+00
   7.1429269e-01   8.7654756e-02   2.9638392e-01   5.0000000e+00
   7.2121033e-01   8.6601066e-02   3.1354908e-01   5.0000000e+00
   7.2411856e-01   8.4764851e-02   3.1976998e-01   5.0000000e+00
   7.2539874e-01   8.5463582e-02   3.1830370e-01   5.0000000e+00
   7.2534490e-01   8.4431185e-02   3.2103980e-01   5.0000000e+00
   7.3423271e-01   8.2368706e-02   3.2214109e-01   5.0000000e+00
   7.4284274e-01   8.3470918e-02   3.2909340e-01   5.0000000e+00
   7.5773348e-01   8.9454433e-02   3.3593636e-01   5.0000000e+00
   7.6781574e-01   1.0374976e-01   3.4147976e-01   1.0000000e+00
   7.7603975e-01   1.2348841e-01   3.4223903e-01   1.0000000e+00
   7.8361330e-01   1.4677208e-01   3.4308603e-01   1.0000000e+00
   7.8867054e-01   1.6780164e-01   3.4282230e-01   1.0000000e+00
   7.9302217e-01   1.9105279e-01   3.4266433e-01   1.0000000e+00
   7.9441833e-01   2.1731274e-01   3.4230736e-01   1.0000000e+00
   7.9201813e-01   2.4612693e-01   3.4397098e-01   1.0000000e+00
   7.8996350e-01   2.7111501e-01   3.4344678e-01   1.0000000e+00
   7.7989949e-01   2.9532578e-01   3.4619980e-01   3.0000000e+00
   7.7153990e-01   3.1844418e-01   3.5751058e-01   3.0000000e+00
   7.7019337e-01   3.3300977e-01   3.6034933e-01   3.0000000e+00
   7.7293743e-01   3.4888582e-01   3.5709136e-01   3.0000000e+00
   7.8139025e-01   3.6384752e-01   3.5555674e-01   3.0000000e+00
   7.9134361e-01   3.7535449e-01   3.5485092e-01   3.0000000e+00
   7.9721940e-01   3.8597460e-01   3.5674123e-01   3.0000000e+00
   7.9873953e-01   3.9440965e-01   3.5834627e-01   3.0000000e+00
   8.0767045e-01   3.9071134e-01   3.5339558e-01   3.0000000e+00
   8.0682946e-01   3.9625622e-01   3.5191048e-01   3.0000000e+00
   8.0782000e-01   3.9906544e-01   3.5183612e-01   1.0000000e+00
   8.1647948e-01   3.9725478e-01   3.5226406e-01   3.0000000e+00
   8.3427843e-01   3.9698706e-01   3.4783535e-01   3.0000000e+00
   8.4574812e-01   3.9999957e-01   3.4019617e-01   3.0000000e+00
   8.4790286e-01   4.1155562e-01   3.2503425e-01   3.0000000e+00
   8.4391811e-01   4.2729750e-01   3.0329591e-01   3.0000000e+00
   8.4172382e-01   4.3855931e-01   2.8328869e-01   3.0000000e+00
   8.4030787e-01   4.4515997e-01   2.6854251e-01   3.0000000e+00
   8.4031340e-01   4.5046473e-01   2.5501264e-01   3.0000000e+00
   8.3973768e-01   4.5763589e-01   2.3635040e-01   3.0000000e+00
   8.4056729e-01   4.5868122e-01   2.1539790e-01   3.0000000e+00
   8.4584395e-01   4.5876255e-01   1.9686491e-01   3.0000000e+00
   8.4905935e-01   4.5973701e-01   1.8199860e-01   3.0000000e+00
   8.5132845e-01   4.5872029e-01   1.6965408e-01   3.0000000e+00
   8.5491915e-01   4.5599976e-01   1.5843465e-01   3.0000000e+00
   8.5721922e-01   4.5488977e-01   1.4837634e-01   3.0000000e+00
   8.5867171e-01   4.5530838e-01   1.3962120e-01   3.0000000e+00
   8.6218939e-01   4.5337882e-01   1.3397843e-01   3.0000000e+00
   8.6326796e-01   4.5321485e-01   1.2999141e-01   3.0000000e+00
   8.6616457e-01   4.5605907e-01   1.2531697e-01   3.0000000e+00
   8.6511038e-01   4.5668244e-01   1.2226684e-01   3.0000000e+00
   8.6443089e-01   4.5715020e-01   1.2321231e-01   3.0000000e+00
   8.6484705e-01   4.5907855e-01   1.2511789e-01   3.0000000e+00
