   7.9790863e-01  -9.7727531e-02  -3.9211882e-02   5.0000000e+00
   7.9508084e-01  -1.0345154e-01  -4.0081388e-02   5.0000000e+00
   7.8681454e-01  -1.0442741e-01  -4.2697631e-02   5.0000000e+00
   7.9154860e-01  -1.0188247e-01  -4.0171765e-02   5.0000000e+00
   7.8488501e-01  -1.0640581e-01  -4.3072715e-02   5.0000000e+00
   7.9170345e-01  -1.0206940e-01  -4.0464280e-02   5.0000000e+00
   7.9701325e-01  -1.0387583e-01  -3.8956069e-02   5.0000000e+00
   7.9166760e-01  -1.0627130e-01  -4.0454051e-02   5.0000000e+00
   7.9307788e-01  -1.0458454e-01  -4.1415906e-02   5.0000000e+00
   8.0451044e-01  -1.0367063e-01  -3.5659873e-02   5.0000000e+00
   8.0395842e-01  -1.0399443e-01  -3.6831563e-02   5.0000000e+00
   7.9664024e-01  -1.0557835e-01  -4.0010203e-02   5.0000000e+00
   8.0739979e-01  -1.0313687e-01  -3.2574223e-02   5.0000000e+00
   8.0909438e-01  -1.0389735e-01  -3.4743340e-02   5.0000000e+00
   7.9425408e-01  -1.0307417e-01  -3.9609984e-02   5.0000000e+00
   7.8923542e-01  -1.0542172e-01  -4.4626064e-02   5.0000000e+00
   7.9640514e-01  -1.0398231e-01  -4.2927721e-02   5.0000000e+00
   7.9212222e-01  -1.0223399e-01  -4.3146215e-02   5.0000000e+00
   7.9193049e-01  -1.0087810e-01  -4.3529290e-02   5.0000000e+00
   7.9212479e-01  -9.9414458e-02  -4.3058247e-02   1.0000000e+00
   7.5406598e-01   1.4692305e-02   6.8269619e-02   1.0000000e+00
   6.6439460e-01   1.7043362e-01   2.7705649e-01   1.0000000e+00
   6.9062907e-01   2.1717908e-01   4.3627552e-01   1.0000000e+00
   7.3447104e-01   2.2583746e-01   4.2706786e-01   1.0000000e+00
   7.5918030e-01   2.4566985e-01   4.1735972e-01   1.0000000e+00
   7.6798954e-01   2.7188408e-01   4.1517104e-01   1.0000000e+00
   7.7867781e-01   3.0558625e-01   4.1188032e-01   1.0000000e+00
   7.9025621e-01   3.3389225e-01   4.0638112e-01   1.0000000e+00
   8.0210084e-01   3.5785581e-01   3.9851505e-01   1.0000000e+00
   8.0294464e-01   3.8410092e-01   3.9852128e-01   1.0000000e+00
   8.0993083e-01   3.9811539e-01   3.9290808e-01   1.0000000e+00
   8.1734755e-01   4.1066360e-01   3.8450099e-01   1.0000000e+00
   8.1572387e-01   4.2433069e-01   3.8349617e-01   1.0000000e+00
   8.1514948e-01   4.3652936e-01   3.8145539e-01   1.0000000e+00
   8.1640301e-01   4.5136942e-01   3.7671547e-01   1.0000000e+00
   8.2224680e-01   4.6017789e-01   3.6912241e-01   1.0000000e+00
   8.2997759e-01   4.6838320e-01   3.5627768e-01   3.0000000e+00
   8.3185029e-01   4.8322100e-01   3.4007423e-01   3.0000000e+00
   8.3075435e-01   4.9805115e-01   3.1719902e-01   3.0000000e+00
   8.2968022e-01   5.1223345e-01   2.8966675e-01   3.0000000e+00
   8.2480693e-01   5.2403662e-01   2.6583171e-01   3.0000000e+00
   8.2489115e-01   5.2658239e-01   2.4208113e-01   3.0000000e+00
   8.2687300e-01   5.2729506e-01   2.1966559e-01   3.0000000e+00
   8.2786490e-01   5.2615805e-01   2.0106858e-01   3.0000000e+00
   8.2769850e-01   5.2452862e-01   1.8515843e-01   3.0000000e+00
   8.3313159e-01   5.2189073e-01   1.7108154e-01   3.0000000e+00
   8.3725698e-01   5.2292128e-01   1.5763946e-01   3.0000000e+00
   8.4116756e-01   5.2202778e-01   1.4812923e-01   3.0000000e+00
   8.3808690e-01   5.2264491e-01   1.4400219e-01   3.0000000e+00
   8.3918194e-01   5.1911916e-01   1.4191690e-01   3.0000000e+00
   8.3749995e-01   5.2103849e-01   1.4235159e-01   3.0000000e+00
   8.3930744e-01   5.2006720e-01   1.4536867e-01   3.0000000e+00
   8.3565251e-01   5.1973923e-01   1.4690759e-01   3.0000000e+00
   8.3692474e-01   5.1983548e-01   1.4858910e-01   3.0000000e+00
   8.3432037e-01   5.2273365e-01   1.4816619e-01   3.0000000e+00
   8.3588799e-01   5.2059187e-01   1.4986092e-01   3.0000000e+00
   8.3282911e-01   5.2456735e-01   1.4848957e-01   3.0000000e+00
   8.3434389e-01   5.2631025e-01   1.4709973e-01   3.0000000e+00
   8.3409699e-01   5.2916714e-01   1.4434933e-01   3.0000000e+00
   8.3807345e-01   5.2247490e-01   1.4362070e-01   3.0000000e+00
   8.3418604e-01   5.2345142e-01   1.4331222e-01   3.0000000e+00
