   6.6845274e-01   1.1871045e-01   3.9692553e-01   3.0000000e+00
   6.6834415e-01   1.1714075e-01   3.9852875e-01   3.0000000e+00
   6.6896163e-01   1.1953131e-01   3.9930335e-01   3.0000000e+00
   6.7038527e-01   1.2126579e-01   3.9327427e-01   3.0000000e+00
   6.7022915e-01   1.2729092e-01   3.7860240e-01   3.0000000e+00
   6.7372203e-01   1.3213004e-01   3.6392610e-01   3.0000000e+00
   6.7988478e-01   1.3743304e-01   3.4758803e-01   3.0000000e+00
   6.8568609e-01   1.4490770e-01   3.3321787e-01   3.0000000e+00
   6.9097503e-01   1.5520607e-01   3.1418563e-01   3.0000000e+00
   6.9910370e-01   1.7125847e-01   2.9489605e-01   3.0000000e+00
   7.0461395e-01   1.8576166e-01   2.7908275e-01   3.0000000e+00
   7.1726971e-01   1.9907741e-01   2.6309986e-01   3.0000000e+00
   7.2911231e-01   2.1598237e-01   2.4545116e-01   3.0000000e+00
   7.4149847e-01   2.3474433e-01   2.2514423e-01   3.0000000e+00
   7.5631277e-01   2.5451827e-01   2.0331475e-01   3.0000000e+00
   7.7717556e-01   2.6794291e-01   1.7687064e-01   3.0000000e+00
   7.9190822e-01   2.7912151e-01   1.5218866e-01   3.0000000e+00
   8.0489324e-01   2.9553045e-01   1.3164372e-01   3.0000000e+00
   8.1348037e-01   3.0615721e-01   1.1599150e-01   1.0000000e+00
   8.1705053e-01   3.1281293e-01   1.0639151e-01   5.0000000e+00
   8.2043267e-01   3.1541078e-01   1.0595190e-01   5.0000000e+00
   8.1816690e-01   3.1957933e-01   1.0893442e-01   5.0000000e+00
   8.1532604e-01   3.2350725e-01   1.1134655e-01   3.0000000e+00
   8.1366246e-01   3.2662199e-01   1.1165023e-01   3.0000000e+00
   8.1617890e-01   3.2940271e-01   1.0965509e-01   3.0000000e+00
   8.1620705e-01   3.3564188e-01   1.0834491e-01   3.0000000e+00
   8.1983665e-01   3.4201247e-01   1.0477049e-01   3.0000000e+00
   8.2282111e-01   3.5161823e-01   1.0756656e-01   3.0000000e+00
   8.1823530e-01   3.6815238e-01   1.2022036e-01   1.0000000e+00
   8.1039603e-01   3.9146377e-01   1.4393209e-01   1.0000000e+00
   8.0460267e-01   4.1663225e-01   1.7267300e-01   1.0000000e+00
   7.9823456e-01   4.4227868e-01   2.0303085e-01   1.0000000e+00
   7.9369815e-01   4.6233053e-01   2.3130577e-01   1.0000000e+00
   7.8662253e-01   4.7954271e-01   2.5280597e-01   1.0000000e+00
   7.8079021e-01   4.9158368e-01   2.7133754e-01   1.0000000e+00
   7.7668002e-01   4.9844017e-01   2.8625408e-01   1.0000000e+00
   7.7143195e-01   5.0573672e-01   2.9905552e-01   1.0000000e+00
   7.6932283e-01   5.1144258e-01   3.0835432e-01   1.0000000e+00
   7.6473118e-01   5.1587675e-01   3.1541859e-01   1.0000000e+00
   7.6275089e-01   5.1903145e-01   3.2141841e-01   5.0000000e+00
   7.6145313e-01   5.2202120e-01   3.2419860e-01   5.0000000e+00
   7.6208971e-01   5.2591380e-01   3.2627942e-01   5.0000000e+00
   7.5837298e-01   5.2796088e-01   3.2741433e-01   1.0000000e+00
   7.6006050e-01   5.3142937e-01   3.2764803e-01   1.0000000e+00
   7.6044149e-01   5.3432987e-01   3.2894058e-01   1.0000000e+00
   7.6011928e-01   5.3558958e-01   3.3150980e-01   1.0000000e+00
   7.5871554e-01   5.3740650e-01   3.3144763e-01   1.0000000e+00
   7.5763316e-01   5.3751335e-01   3.3210407e-01   1.0000000e+00
   7.6098789e-01   5.3827611e-01   3.3056940e-01   1.0000000e+00
   7.5837028e-01   5.3966787e-01   3.2845020e-01   1.0000000e+00
   7.5763204e-01   5.3837529e-01   3.2409645e-01   1.0000000e+00
   7.5796671e-01   5.3669819e-01   3.2275898e-01   1.0000000e+00
   7.5984719e-01   5.3724964e-01   3.2214740e-01   1.0000000e+00
   7.5976022e-01   5.3839690e-01   3.2040027e-01   1.0000000e+00
