   7.2300339e-01   7.4077394e-02   9.9834708e-02   1.0000000e+00
   7.2047563e-01   8.0258870e-02   1.0624087e-01   1.0000000e+00
   7.1778263e-01   8.4060167e-02   1.1455063e-01   1.0000000e+00
   7.1568242e-01   9.5876488e-02   1.2292249e-01   1.0000000e+00
   7.1329714e-01   1.1420159e-01   1.4151075e-01   1.0000000e+00
   7.0561408e-01   1.3580846e-01   1.7207163e-01   1.0000000e+00
   6.9981556e-01   1.5627318e-01   2.0851445e-01   1.0000000e+00
   6.9655948e-01   1.8162586e-01   2.4312396e-01   1.0000000e+00
   7.0109348e-01   2.0561821e-01   2.7280888e-01   3.0000000e+00
   7.0757366e-01   2.1929297e-01   2.9454548e-01   3.0000000e+00
   7.0884955e-01   2.3286202e-01   3.1404299e-01   3.0000000e+00
   7.0953412e-01   2.4532939e-01   3.2833443e-01   3.0000000e+00
   7.1555642e-01   2.5171192e-01   3.4085744e-01   3.0000000e+00
   7.1094037e-01   2.6017046e-01   3.5110845e-01   3.0000000e+00
   7.1398786e-01   2.6409835e-01   3.5839057e-01   3.0000000e+00
   7.1937813e-01   2.6689647e-01   3.6197813e-01   3.0000000e+00
   7.2294442e-01   2.7286511e-01   3.6371942e-01   3.0000000e+00
   7.4662586e-01   2.7004951e-01   3.7798973e-01   1.0000000e+00
   7.8406298e-01   2.5917406e-01   3.7361830e-01   1.0000000e+00
   7.9323516e-01   2.6383300e-01   3.7091531e-01   1.0000000e+00
   7.9610647e-01   2.7493405e-01   3.7382495e-01   1.0000000e+00
   8.0367589e-01   2.9291104e-01   3.8098474e-01   5.0000000e+00
   8.0660647e-01   2.9972372e-01   3.8484970e-01   5.0000000e+00
   8.0545895e-01   3.0801134e-01   3.7988273e-01   5.0000000e+00
   8.0758967e-01   3.1623219e-01   3.6827158e-01   5.0000000e+00
   8.0891799e-01   3.2844233e-01   3.5594951e-01   5.0000000e+00
   8.1244649e-01   3.4260685e-01   3.4000953e-01   5.0000000e+00
   8.1675753e-01   3.5020218e-01   3.2516002e-01   5.0000000e+00
   8.1710699e-01   3.5797543e-01   3.1312750e-01   5.0000000e+00
   8.2813044e-01   3.6727915e-01   2.7386366e-01   5.0000000e+00
   8.4715963e-01   3.8342035e-01   2.2074610e-01   5.0000000e+00
   8.5544751e-01   4.0658714e-01   1.8121362e-01   5.0000000e+00
   8.6897854e-01   4.2211467e-01   1.5699795e-01   5.0000000e+00
   8.7373259e-01   4.2912462e-01   1.4163694e-01   5.0000000e+00
   8.7832180e-01   4.3831475e-01   1.3262657e-01   5.0000000e+00
   8.8366210e-01   4.4527580e-01   1.2215998e-01   5.0000000e+00
   8.8569614e-01   4.4744074e-01   1.1343271e-01   3.0000000e+00
   8.8536885e-01   4.4711117e-01   1.1100110e-01   3.0000000e+00
   8.8614882e-01   4.4993262e-01   1.1216095e-01   3.0000000e+00
   8.8489872e-01   4.5020861e-01   1.1051255e-01   5.0000000e+00
   8.8638785e-01   4.5002498e-01   1.0955046e-01   5.0000000e+00
   8.8511561e-01   4.5100967e-01   1.0622721e-01   5.0000000e+00
   8.8593918e-01   4.5219716e-01   1.0497273e-01   5.0000000e+00
   8.8742382e-01   4.5406476e-01   1.0358237e-01   5.0000000e+00
   8.8978311e-01   4.5346957e-01   1.0207238e-01   5.0000000e+00
   8.9043887e-01   4.5193588e-01   9.8069827e-02   5.0000000e+00
   8.9151593e-01   4.5173321e-01   9.5473328e-02   5.0000000e+00
   8.9146943e-01   4.5416885e-01   9.4184628e-02   5.0000000e+00
   8.9158344e-01   4.5434220e-01   9.2704551e-02   5.0000000e+00
   8.9169764e-01   4.5514408e-01   9.3237900e-02   5.0000000e+00
   8.9174486e-01   4.5425541e-01   9.3227630e-02   5.0000000e+00
