   7.3561223e-01   6.6502623e-02   1.2505393e-01   1.0000000e+00
   7.3530180e-01   6.5724860e-02   1.2484648e-01   1.0000000e+00
   7.3894444e-01   6.5495772e-02   1.2478508e-01   1.0000000e+00
   7.3732821e-01   6.8994722e-02   1.2693137e-01   1.0000000e+00
   7.3627589e-01   7.3489594e-02   1.3443262e-01   1.0000000e+00
   7.3771071e-01   8.7088137e-02   1.4069892e-01   1.0000000e+00
   7.3897963e-01   9.7974366e-02   1.4809358e-01   1.0000000e+00
   7.4087848e-01   1.0785205e-01   1.5259646e-01   1.0000000e+00
   7.4100881e-01   1.2047030e-01   1.6077616e-01   1.0000000e+00
   7.4392534e-01   1.3276781e-01   1.7114627e-01   1.0000000e+00
   7.4494586e-01   1.5161863e-01   1.8884179e-01   3.0000000e+00
   7.4521795e-01   1.7218034e-01   2.1391602e-01   3.0000000e+00
   7.4421624e-01   1.8260442e-01   2.3068530e-01   3.0000000e+00
   7.4400866e-01   1.9205346e-01   2.4285142e-01   3.0000000e+00
   7.4482310e-01   2.0630932e-01   2.7091575e-01   3.0000000e+00
   7.4451164e-01   2.1325900e-01   2.9101913e-01   3.0000000e+00
   7.4653709e-01   2.1715595e-01   3.0718705e-01   3.0000000e+00
   7.4523358e-01   2.2549582e-01   3.1792646e-01   3.0000000e+00
   7.4651168e-01   2.2779678e-01   3.2407324e-01   3.0000000e+00
   7.5376214e-01   2.3395505e-01   3.3291233e-01   3.0000000e+00
   7.5535296e-01   2.3832866e-01   3.4035164e-01   3.0000000e+00
   7.6195333e-01   2.4446207e-01   3.5265241e-01   1.0000000e+00
   7.8406973e-01   2.4506290e-01   3.7406627e-01   1.0000000e+00
   7.9460740e-01   2.5027664e-01   3.8436880e-01   1.0000000e+00
   8.0731185e-01   2.5459968e-01   3.9418838e-01   1.0000000e+00
   8.1448843e-01   2.5853576e-01   3.9680089e-01   1.0000000e+00
   8.1688288e-01   2.6451061e-01   3.9958364e-01   1.0000000e+00
   8.2258148e-01   2.7432338e-01   3.9252113e-01   1.0000000e+00
   8.2806360e-01   2.8899623e-01   3.8508333e-01   1.0000000e+00
   8.2774551e-01   3.0475259e-01   3.9225438e-01   5.0000000e+00
   8.2627964e-01   3.1157980e-01   3.9042816e-01   5.0000000e+00
   8.2469781e-01   3.2217745e-01   3.6638130e-01   5.0000000e+00
   8.2289499e-01   3.3677927e-01   3.3954858e-01   5.0000000e+00
   8.2635320e-01   3.4685247e-01   3.1521352e-01   5.0000000e+00
   8.2799159e-01   3.5305362e-01   2.9471538e-01   5.0000000e+00
   8.3077168e-01   3.6024494e-01   2.7657893e-01   5.0000000e+00
   8.3295579e-01   3.6877008e-01   2.6253400e-01   5.0000000e+00
   8.3808946e-01   3.6415927e-01   2.3723381e-01   5.0000000e+00
   8.4142441e-01   3.6781185e-01   2.2229104e-01   5.0000000e+00
   8.4824298e-01   3.7473806e-01   2.0858845e-01   5.0000000e+00
   8.4928721e-01   3.8229161e-01   1.9602379e-01   5.0000000e+00
   8.5279325e-01   3.8886792e-01   1.8415268e-01   5.0000000e+00
   8.5673697e-01   3.9687516e-01   1.7578722e-01   5.0000000e+00
   8.5996432e-01   4.0712586e-01   1.6573371e-01   5.0000000e+00
   8.6597616e-01   4.1418744e-01   1.4848813e-01   3.0000000e+00
   8.7052761e-01   4.2351721e-01   1.3174512e-01   3.0000000e+00
   8.7401848e-01   4.3025006e-01   1.2445826e-01   3.0000000e+00
   8.7374331e-01   4.3608644e-01   1.2077155e-01   3.0000000e+00
   8.7115729e-01   4.4184249e-01   1.1925809e-01   3.0000000e+00
   8.6881094e-01   4.4560854e-01   1.1956138e-01   3.0000000e+00
   8.6609821e-01   4.4954056e-01   1.2006051e-01   5.0000000e+00
   8.6312027e-01   4.5227892e-01   1.1764094e-01   5.0000000e+00
   8.6123788e-01   4.5233494e-01   1.1507858e-01   5.0000000e+00
   8.5951737e-01   4.5189284e-01   1.1203957e-01   5.0000000e+00
   8.5727149e-01   4.5015102e-01   1.0957874e-01   5.0000000e+00
   8.5513121e-01   4.4998500e-01   1.0898137e-01   5.0000000e+00
   8.5414985e-01   4.4910559e-01   1.0825394e-01   5.0000000e+00
