   7.1159770e-01   7.6131544e-02   1.0371179e-01   1.0000000e+00
   7.1306781e-01   7.7702418e-02   1.0320362e-01   1.0000000e+00
   7.1141024e-01   7.5325648e-02   1.0629153e-01   1.0000000e+00
   7.1153197e-01   8.1263874e-02   1.1214513e-01   1.0000000e+00
   7.0944651e-01   9.1013796e-02   1.3145219e-01   1.0000000e+00
   7.0704609e-01   1.1711408e-01   1.5243111e-01   1.0000000e+00
   7.0687941e-01   1.4122947e-01   1.6902059e-01   1.0000000e+00
   7.0920107e-01   1.5605241e-01   1.8158619e-01   1.0000000e+00
   7.1084966e-01   1.7276000e-01   1.9713997e-01   3.0000000e+00
   7.1381131e-01   1.9326656e-01   2.2316223e-01   3.0000000e+00
   7.1452367e-01   2.0891138e-01   2.5714157e-01   3.0000000e+00
   7.1886692e-01   2.2656534e-01   2.8905567e-01   3.0000000e+00
   7.2439378e-01   2.3844235e-01   3.1343380e-01   3.0000000e+00
   7.2941917e-01   2.5061054e-01   3.3000138e-01   1.0000000e+00
   7.3648672e-01   2.6062906e-01   3.4167388e-01   1.0000000e+00
   7.4558757e-01   2.6716803e-01   3.4909755e-01   1.0000000e+00
   7.6928109e-01   2.6544153e-01   3.6818093e-01   1.0000000e+00
   7.8791256e-01   2.6437273e-01   3.6895426e-01   1.0000000e+00
   7.9246009e-01   2.7360984e-01   3.7718341e-01   1.0000000e+00
   7.9979979e-01   2.8149550e-01   3.8362298e-01   1.0000000e+00
   8.0490834e-01   2.9084431e-01   3.9549976e-01   1.0000000e+00
   8.1077735e-01   2.9753365e-01   4.0445280e-01   1.0000000e+00
   8.1840748e-01   3.0178635e-01   4.0986709e-01   1.0000000e+00
   8.2583131e-01   3.0574500e-01   4.1804051e-01   1.0000000e+00
   8.2954626e-01   3.2002688e-01   4.2801549e-01   3.0000000e+00
   8.3492372e-01   3.3575039e-01   4.3153068e-01   5.0000000e+00
   8.3317191e-01   3.4825479e-01   4.2072168e-01   5.0000000e+00
   8.3074267e-01   3.6113544e-01   3.9812832e-01   5.0000000e+00
   8.3370987e-01   3.7016379e-01   3.7797318e-01   5.0000000e+00
   8.3848241e-01   3.9262855e-01   3.3494807e-01   5.0000000e+00
   8.4185190e-01   4.1020795e-01   3.0304244e-01   5.0000000e+00
   8.4491010e-01   4.2737360e-01   2.7455396e-01   5.0000000e+00
   8.4845885e-01   4.4009830e-01   2.5148016e-01   5.0000000e+00
   8.5241004e-01   4.5577295e-01   2.3213110e-01   5.0000000e+00
   8.5488057e-01   4.7129938e-01   2.1635785e-01   5.0000000e+00
   8.6552001e-01   4.7131715e-01   1.8232596e-01   5.0000000e+00
   8.7104618e-01   4.7753553e-01   1.6339087e-01   5.0000000e+00
   8.7234277e-01   4.8795446e-01   1.4995325e-01   5.0000000e+00
   8.7138356e-01   4.9078600e-01   1.4063341e-01   5.0000000e+00
   8.7038986e-01   4.9538454e-01   1.3118435e-01   5.0000000e+00
   8.7019532e-01   4.9754304e-01   1.2422442e-01   5.0000000e+00
   8.6730265e-01   4.9823445e-01   1.1979410e-01   5.0000000e+00
   8.6663306e-01   4.9920501e-01   1.1713542e-01   5.0000000e+00
   8.6449305e-01   5.0372931e-01   1.1627758e-01   5.0000000e+00
   8.6377753e-01   5.0420795e-01   1.1420909e-01   5.0000000e+00
   8.6321741e-01   5.0733653e-01   1.1149189e-01   5.0000000e+00
   8.6270243e-01   5.1199414e-01   1.1109141e-01   3.0000000e+00
   8.6382287e-01   5.1712616e-01   1.1445389e-01   3.0000000e+00
