   7.5781150e-01   8.1549127e-02   1.1022419e-01   1.0000000e+00
   7.5942504e-01   8.1117742e-02   1.1035586e-01   1.0000000e+00
   7.6064859e-01   8.2171041e-02   1.0959585e-01   1.0000000e+00
   7.6284540e-01   8.2691374e-02   1.1075378e-01   1.0000000e+00
   7.6307686e-01   8.3579110e-02   1.1183005e-01   1.0000000e+00
   7.6200315e-01   9.3952561e-02   1.1469177e-01   1.0000000e+00
   7.5737636e-01   1.0317607e-01   1.2506159e-01   1.0000000e+00
   7.5455365e-01   1.1114082e-01   1.4071755e-01   1.0000000e+00
   7.4969743e-01   1.2569385e-01   1.5347376e-01   1.0000000e+00
   7.4986767e-01   1.4016874e-01   1.6554114e-01   1.0000000e+00
   7.5023783e-01   1.5432719e-01   1.7598217e-01   1.0000000e+00
   7.4943478e-01   1.7170758e-01   1.9297616e-01   1.0000000e+00
   7.4954415e-01   1.9293660e-01   2.1471791e-01   1.0000000e+00
   7.4926506e-01   2.1185520e-01   2.3882072e-01   1.0000000e+00
   7.5235179e-01   2.3238539e-01   2.5964752e-01   1.0000000e+00
   7.5685582e-01   2.5003441e-01   2.7790974e-01   1.0000000e+00
   7.5933942e-01   2.6463111e-01   2.9327506e-01   1.0000000e+00
   7.5986685e-01   2.7609576e-01   3.0915732e-01   1.0000000e+00
   7.6446131e-01   2.8602413e-01   3.2296570e-01   1.0000000e+00
   7.6403490e-01   2.9649897e-01   3.3627003e-01   1.0000000e+00
   7.6740899e-01   3.0714212e-01   3.4309717e-01   1.0000000e+00
   7.6911869e-01   3.1568157e-01   3.4956538e-01   1.0000000e+00
   7.7509199e-01   3.2154609e-01   3.6229103e-01   1.0000000e+00
   7.8323981e-01   3.2819005e-01   3.7025829e-01   1.0000000e+00
   7.8737565e-01   3.3326198e-01   3.8044133e-01   1.0000000e+00
   7.9047937e-01   3.3929277e-01   3.8565074e-01   1.0000000e+00
   7.8880364e-01   3.4464565e-01   3.9224427e-01   1.0000000e+00
   7.8633021e-01   3.5712885e-01   3.9397860e-01   3.0000000e+00
   7.8257165e-01   3.7807333e-01   4.0318352e-01   5.0000000e+00
   7.9393436e-01   3.8182223e-01   3.9661988e-01   5.0000000e+00
   7.9974383e-01   3.8747793e-01   3.8504381e-01   5.0000000e+00
   8.0556640e-01   4.0197039e-01   3.5816002e-01   5.0000000e+00
   8.1052753e-01   4.1929979e-01   3.3377123e-01   5.0000000e+00
   8.2660183e-01   4.2611590e-01   2.9636206e-01   5.0000000e+00
   8.3128575e-01   4.3975647e-01   2.7920521e-01   5.0000000e+00
   8.3572024e-01   4.4742541e-01   2.6328666e-01   5.0000000e+00
   8.3801841e-01   4.5301724e-01   2.5256785e-01   5.0000000e+00
   8.4186115e-01   4.5854581e-01   2.4033694e-01   5.0000000e+00
   8.4794381e-01   4.6464249e-01   2.2819095e-01   5.0000000e+00
   8.5189914e-01   4.7062289e-01   2.1790576e-01   5.0000000e+00
   8.5532260e-01   4.7504079e-01   2.1056425e-01   5.0000000e+00
   8.5731292e-01   4.7884392e-01   2.0554741e-01   5.0000000e+00
   8.6270866e-01   4.8288913e-01   1.9982650e-01   5.0000000e+00
   8.6686313e-01   4.8811034e-01   1.9351511e-01   5.0000000e+00
   8.7314108e-01   4.8956928e-01   1.8731823e-01   5.0000000e+00
   8.7700584e-01   4.9388524e-01   1.8099418e-01   5.0000000e+00
   8.7773074e-01   4.9777512e-01   1.7576094e-01   5.0000000e+00
   8.7950189e-01   4.9997050e-01   1.6943936e-01   5.0000000e+00
   8.8247254e-01   5.0129846e-01   1.6262119e-01   5.0000000e+00
   8.8293317e-01   5.0424929e-01   1.5753223e-01   5.0000000e+00
   8.8347324e-01   5.0420477e-01   1.5679633e-01   5.0000000e+00
   8.8331300e-01   5.0603434e-01   1.5633035e-01   5.0000000e+00
   8.8204576e-01   5.0760176e-01   1.5319584e-01   5.0000000e+00
   8.8350036e-01   5.0752472e-01   1.5157784e-01   5.0000000e+00
   8.8235667e-01   5.0779546e-01   1.5022827e-01   5.0000000e+00
   8.8216947e-01   5.0756409e-01   1.5105836e-01   5.0000000e+00
   8.8151434e-01   5.0750098e-01   1.5226898e-01   5.0000000e+00
   8.7916716e-01   5.0711511e-01   1.5349999e-01   5.0000000e+00
   8.7724580e-01   5.0574285e-01   1.5385945e-01   5.0000000e+00
   8.7632180e-01   5.0520575e-01   1.5407959e-01   5.0000000e+00
   8.7419512e-01   5.0468523e-01   1.5444267e-01   5.0000000e+00
