   7.1926684e-01   5.7772780e-02   1.2572336e-01   1.0000000e+00
   7.2181770e-01   5.9916342e-02   1.2436018e-01   1.0000000e+00
   7.2391300e-01   5.8810490e-02   1.2544908e-01   1.0000000e+00
   7.2409847e-01   6.1067483e-02   1.2591121e-01   1.0000000e+00
   7.2456330e-01   6.0986609e-02   1.2745077e-01   1.0000000e+00
   7.2148855e-01   6.2050515e-02   1.3048384e-01   1.0000000e+00
   7.2034119e-01   6.4385902e-02   1.3479956e-01   1.0000000e+00
   7.1684531e-01   7.3787519e-02   1.4664663e-01   1.0000000e+00
   7.1224054e-01   8.4558938e-02   1.6436413e-01   1.0000000e+00
   7.1179355e-01   9.9899608e-02   1.7922383e-01   1.0000000e+00
   7.1154700e-01   1.1254118e-01   1.9003615e-01   1.0000000e+00
   7.1322353e-01   1.3178163e-01   2.0300194e-01   1.0000000e+00
   7.1869597e-01   1.4890672e-01   2.1865412e-01   1.0000000e+00
   7.2066145e-01   1.6676436e-01   2.4059981e-01   1.0000000e+00
   7.2231778e-01   1.8564770e-01   2.6499973e-01   1.0000000e+00
   7.2649447e-01   2.0168981e-01   2.8490001e-01   1.0000000e+00
   7.2349165e-01   2.1586813e-01   3.0298527e-01   1.0000000e+00
   7.2702682e-01   2.2220562e-01   3.1668424e-01   1.0000000e+00
   7.2656511e-01   2.2745133e-01   3.2460950e-01   1.0000000e+00
   7.2808125e-01   2.4193823e-01   3.3838443e-01   3.0000000e+00
   7.3601963e-01   2.5029369e-01   3.5221893e-01   3.0000000e+00
   7.5370061e-01   2.5159512e-01   3.7393643e-01   3.0000000e+00
   7.8892749e-01   2.4261404e-01   3.7745163e-01   1.0000000e+00
   8.0368243e-01   2.4409139e-01   3.8379182e-01   1.0000000e+00
   8.0620966e-01   2.5271422e-01   4.0048999e-01   1.0000000e+00
   8.1249143e-01   2.5805113e-01   4.1090162e-01   1.0000000e+00
   8.1756809e-01   2.5962399e-01   4.1405037e-01   1.0000000e+00
   8.2532412e-01   2.5966730e-01   4.1162018e-01   1.0000000e+00
   8.2542340e-01   2.6375289e-01   4.1148620e-01   1.0000000e+00
   8.2293755e-01   2.7940013e-01   4.1291014e-01   3.0000000e+00
   8.1733771e-01   2.9704919e-01   4.1482255e-01   5.0000000e+00
   8.1535170e-01   3.1061488e-01   4.0516596e-01   5.0000000e+00
   8.1228837e-01   3.1949538e-01   3.8881166e-01   5.0000000e+00
   8.1296182e-01   3.2417070e-01   3.6887090e-01   5.0000000e+00
   8.1681892e-01   3.3571157e-01   3.5058746e-01   5.0000000e+00
   8.2509846e-01   3.4478147e-01   3.3150058e-01   5.0000000e+00
   8.2220160e-01   3.5056029e-01   3.1751315e-01   5.0000000e+00
   8.1863522e-01   3.5398842e-01   2.9904748e-01   5.0000000e+00
   8.1966497e-01   3.5949906e-01   2.8282261e-01   5.0000000e+00
   8.4260795e-01   3.5868886e-01   2.2810305e-01   5.0000000e+00
   8.4885797e-01   3.6522282e-01   2.0781710e-01   5.0000000e+00
   8.5132256e-01   3.7462080e-01   1.9314312e-01   5.0000000e+00
   8.5462429e-01   3.8256430e-01   1.7905621e-01   5.0000000e+00
   8.6110127e-01   3.9644814e-01   1.6518958e-01   5.0000000e+00
   8.6604404e-01   4.0902550e-01   1.5123275e-01   5.0000000e+00
   8.6863452e-01   4.1965704e-01   1.3904269e-01   3.0000000e+00
   8.6904094e-01   4.3018589e-01   1.3016165e-01   3.0000000e+00
   8.6820028e-01   4.3795686e-01   1.2366053e-01   3.0000000e+00
   8.6600208e-01   4.4207379e-01   1.1750374e-01   3.0000000e+00
   8.6319630e-01   4.4495954e-01   1.1506810e-01   3.0000000e+00
   8.5991522e-01   4.4927713e-01   1.1502198e-01   3.0000000e+00
   8.5660679e-01   4.5652209e-01   1.1637904e-01   5.0000000e+00
   8.5578228e-01   4.5512529e-01   1.1684206e-01   5.0000000e+00
