   7.5713841e-01   5.6963040e-02   1.2393347e-01   1.0000000e+00
   7.5855384e-01   5.7033690e-02   1.2239454e-01   1.0000000e+00
   7.6075450e-01   6.2708870e-02   1.2249362e-01   1.0000000e+00
   7.5734855e-01   6.7730000e-02   1.2696142e-01   1.0000000e+00
   7.5815966e-01   6.9891392e-02   1.3304662e-01   1.0000000e+00
   7.5926628e-01   7.5309221e-02   1.4115299e-01   1.0000000e+00
   7.5290676e-01   8.2151731e-02   1.5089175e-01   1.0000000e+00
   7.5038439e-01   9.3912990e-02   1.6550758e-01   1.0000000e+00
   7.4619719e-01   1.1393807e-01   1.8432743e-01   1.0000000e+00
   7.4237374e-01   1.3558967e-01   2.0833021e-01   1.0000000e+00
   7.3870824e-01   1.5312467e-01   2.3468239e-01   1.0000000e+00
   7.4023743e-01   1.7051220e-01   2.5966664e-01   1.0000000e+00
   7.4774647e-01   1.8548566e-01   2.7824425e-01   1.0000000e+00
   7.5144801e-01   1.9607933e-01   2.9602339e-01   1.0000000e+00
   7.5489483e-01   2.0333134e-01   3.1231797e-01   1.0000000e+00
   7.5672680e-01   2.0833085e-01   3.2303657e-01   1.0000000e+00
   7.5565837e-01   2.2032555e-01   3.4056567e-01   1.0000000e+00
   7.6166225e-01   2.2602386e-01   3.5194496e-01   3.0000000e+00
   7.7053854e-01   2.3159749e-01   3.6728746e-01   3.0000000e+00
   7.8434728e-01   2.3538691e-01   3.7774407e-01   1.0000000e+00
   7.8797109e-01   2.4567070e-01   3.9104735e-01   1.0000000e+00
   7.9712934e-01   2.5275082e-01   4.0143763e-01   1.0000000e+00
   8.0362011e-01   2.6191295e-01   4.1029492e-01   1.0000000e+00
   8.1437112e-01   2.6727430e-01   4.1313605e-01   1.0000000e+00
   8.1927104e-01   2.7525150e-01   4.1695835e-01   1.0000000e+00
   8.2450982e-01   2.8059169e-01   4.1637867e-01   1.0000000e+00
   8.3200316e-01   2.8610332e-01   4.1962776e-01   1.0000000e+00
   8.3636782e-01   2.9701026e-01   4.3162717e-01   3.0000000e+00
   8.3530949e-01   3.0269026e-01   4.3635699e-01   5.0000000e+00
   8.3160713e-01   3.1593758e-01   4.2561981e-01   5.0000000e+00
   8.2753447e-01   3.3939213e-01   4.0264569e-01   5.0000000e+00
   8.2763432e-01   3.5777612e-01   3.7448456e-01   5.0000000e+00
   8.2950095e-01   3.7725110e-01   3.5021860e-01   5.0000000e+00
   8.3331616e-01   3.8986208e-01   3.2311939e-01   3.0000000e+00
   8.3498815e-01   4.0711698e-01   3.0278195e-01   3.0000000e+00
   8.3887289e-01   4.2174003e-01   2.8099451e-01   3.0000000e+00
   8.4100287e-01   4.3676079e-01   2.6209790e-01   3.0000000e+00
   8.3964765e-01   4.4879004e-01   2.4450899e-01   3.0000000e+00
   8.4438194e-01   4.4977231e-01   2.1567145e-01   3.0000000e+00
   8.4866763e-01   4.5303236e-01   1.8386098e-01   3.0000000e+00
   8.5349207e-01   4.5873229e-01   1.6044442e-01   3.0000000e+00
   8.5622167e-01   4.6490592e-01   1.4182764e-01   3.0000000e+00
   8.5782740e-01   4.6824240e-01   1.3500382e-01   1.0000000e+00
   8.6216441e-01   4.7018438e-01   1.2908474e-01   1.0000000e+00
   8.6178677e-01   4.7384599e-01   1.2489797e-01   1.0000000e+00
   8.6177279e-01   4.7520240e-01   1.2040101e-01   1.0000000e+00
   8.6194683e-01   4.7801276e-01   1.1775968e-01   1.0000000e+00
   8.5999375e-01   4.8025459e-01   1.1768818e-01   3.0000000e+00
   8.5967149e-01   4.8143722e-01   1.1677676e-01   3.0000000e+00
   8.5832094e-01   4.8417231e-01   1.1482424e-01   3.0000000e+00
   8.5883947e-01   4.8416569e-01   1.1640105e-01   3.0000000e+00
   8.5657085e-01   4.8452592e-01   1.1673226e-01   5.0000000e+00
   8.5625844e-01   4.8502629e-01   1.1881038e-01   5.0000000e+00
   8.5630409e-01   4.8441131e-01   1.2028317e-01   5.0000000e+00
   8.5636182e-01   4.8496660e-01   1.2103107e-01   5.0000000e+00
