   6.9066551e-01   5.8828669e-02   1.4169149e-01   1.0000000e+00
   6.9530683e-01   5.9912397e-02   1.3668755e-01   1.0000000e+00
   6.9458672e-01   6.4513809e-02   1.3772062e-01   1.0000000e+00
   6.9705638e-01   7.3904621e-02   1.3582840e-01   1.0000000e+00
   6.9350981e-01   7.7632441e-02   1.3899260e-01   1.0000000e+00
   6.9257322e-01   7.6766630e-02   1.4304470e-01   1.0000000e+00
   6.9302055e-01   9.2518261e-02   1.5356072e-01   1.0000000e+00
   6.9297742e-01   1.0034707e-01   1.6440809e-01   1.0000000e+00
   6.8879940e-01   1.2028159e-01   1.9184844e-01   1.0000000e+00
   6.8795739e-01   1.4183348e-01   2.1967899e-01   1.0000000e+00
   6.8979971e-01   1.5974413e-01   2.3731273e-01   1.0000000e+00
   6.9142064e-01   1.8616573e-01   2.7016283e-01   1.0000000e+00
   6.9758021e-01   2.0476324e-01   2.9357454e-01   1.0000000e+00
   7.0205790e-01   2.1609255e-01   3.1296966e-01   1.0000000e+00
   7.0657705e-01   2.2452400e-01   3.2986233e-01   1.0000000e+00
   7.1261019e-01   2.3730039e-01   3.4354007e-01   1.0000000e+00
   7.1357444e-01   2.4578803e-01   3.5200919e-01   1.0000000e+00
   7.1603875e-01   2.6742527e-01   3.6881477e-01   1.0000000e+00
   7.2098787e-01   2.8243268e-01   3.8521483e-01   1.0000000e+00
   7.5296023e-01   2.8620399e-01   3.9478413e-01   1.0000000e+00
   7.7311093e-01   2.9269660e-01   4.0515046e-01   1.0000000e+00
   7.7952299e-01   2.9369356e-01   4.1078225e-01   1.0000000e+00
   7.7950894e-01   2.9884447e-01   4.1750395e-01   1.0000000e+00
   7.8090992e-01   3.0359191e-01   4.1914009e-01   1.0000000e+00
   7.8691055e-01   3.0537968e-01   4.1598619e-01   1.0000000e+00
   7.8952198e-01   3.0808483e-01   4.2014026e-01   1.0000000e+00
   7.9379977e-01   3.0812604e-01   4.2108776e-01   1.0000000e+00
   7.9559450e-01   3.0656907e-01   4.3135340e-01   1.0000000e+00
   7.8765163e-01   3.1678367e-01   4.4096218e-01   5.0000000e+00
   7.8007688e-01   3.2225874e-01   4.3456441e-01   5.0000000e+00
   7.7726917e-01   3.3162311e-01   4.1468553e-01   5.0000000e+00
   7.7705271e-01   3.4138416e-01   3.9168217e-01   5.0000000e+00
   7.7775004e-01   3.5172350e-01   3.7407089e-01   5.0000000e+00
   7.8044121e-01   3.5732929e-01   3.6037533e-01   5.0000000e+00
   7.8482016e-01   3.6418832e-01   3.5053254e-01   5.0000000e+00
   7.9752526e-01   3.6562377e-01   3.2362978e-01   5.0000000e+00
   8.1559498e-01   3.7170423e-01   2.9490050e-01   5.0000000e+00
   8.2284146e-01   3.8634851e-01   2.7100405e-01   5.0000000e+00
   8.3027288e-01   4.0913862e-01   2.3989648e-01   5.0000000e+00
   8.3659238e-01   4.2532572e-01   2.1200788e-01   5.0000000e+00
   8.4436369e-01   4.3864129e-01   1.9696619e-01   5.0000000e+00
   8.4657945e-01   4.4810098e-01   1.8889451e-01   5.0000000e+00
   8.4657511e-01   4.5749055e-01   1.8604313e-01   5.0000000e+00
   8.4599079e-01   4.6466036e-01   1.8323484e-01   5.0000000e+00
   8.4984294e-01   4.6963711e-01   1.7506330e-01   5.0000000e+00
   8.5380392e-01   4.7431901e-01   1.6334753e-01   5.0000000e+00
   8.5626031e-01   4.7609571e-01   1.5572619e-01   5.0000000e+00
   8.5461655e-01   4.7917258e-01   1.5204577e-01   5.0000000e+00
   8.5271108e-01   4.8276236e-01   1.5071159e-01   5.0000000e+00
   8.5112229e-01   4.8513147e-01   1.4907607e-01   5.0000000e+00
   8.5043828e-01   4.8730092e-01   1.4809694e-01   5.0000000e+00
   8.5062454e-01   4.8762868e-01   1.4857461e-01   5.0000000e+00
   8.5071874e-01   4.8909594e-01   1.4939210e-01   5.0000000e+00
   8.4935827e-01   4.8850047e-01   1.4918240e-01   5.0000000e+00
