   7.2600729e-01   8.5483535e-02   1.6498910e-01   1.0000000e+00
   7.2425351e-01   1.0139842e-01   1.8152671e-01   1.0000000e+00
   7.2448607e-01   1.2145468e-01   1.9796771e-01   1.0000000e+00
   7.2576562e-01   1.3633941e-01   2.0959535e-01   1.0000000e+00
   7.2683713e-01   1.5840126e-01   2.2913114e-01   3.0000000e+00
   7.2438637e-01   1.7669723e-01   2.5469974e-01   3.0000000e+00
   7.2181111e-01   1.9143707e-01   2.8069953e-01   3.0000000e+00
   7.2291190e-01   2.0403535e-01   3.0550784e-01   3.0000000e+00
   7.2352763e-01   2.1280039e-01   3.1855393e-01   3.0000000e+00
   7.2474755e-01   2.2332408e-01   3.3618745e-01   3.0000000e+00
   7.2692812e-01   2.3027039e-01   3.4626945e-01   3.0000000e+00
   7.3086222e-01   2.3700581e-01   3.5275724e-01   3.0000000e+00
   7.3520564e-01   2.4575861e-01   3.5912872e-01   1.0000000e+00
   7.4157950e-01   2.5615778e-01   3.6967848e-01   1.0000000e+00
   7.5359068e-01   2.6395721e-01   3.8576130e-01   1.0000000e+00
   7.6380265e-01   2.6676724e-01   3.9578883e-01   1.0000000e+00
   7.7039514e-01   2.7534597e-01   4.0678198e-01   1.0000000e+00
   7.7868590e-01   2.8586031e-01   4.1752955e-01   1.0000000e+00
   7.8892944e-01   2.9121232e-01   4.2369748e-01   1.0000000e+00
   7.9410169e-01   2.9367707e-01   4.3165937e-01   1.0000000e+00
   8.0140703e-01   2.9756975e-01   4.3959868e-01   1.0000000e+00
   8.0263140e-01   3.0855702e-01   4.4667644e-01   3.0000000e+00
   8.0424375e-01   3.2123286e-01   4.4531670e-01   5.0000000e+00
   7.9773509e-01   3.3383308e-01   4.4576662e-01   5.0000000e+00
   7.9758517e-01   3.3804604e-01   4.3316239e-01   5.0000000e+00
   7.9857323e-01   3.5691604e-01   4.0505580e-01   5.0000000e+00
   7.9945007e-01   3.6411243e-01   3.8529166e-01   5.0000000e+00
   8.0222604e-01   3.7414464e-01   3.6853422e-01   5.0000000e+00
   8.0641337e-01   3.8751653e-01   3.4481438e-01   5.0000000e+00
   8.0616435e-01   3.9795027e-01   3.2679798e-01   5.0000000e+00
   8.1099800e-01   4.0752450e-01   2.9893159e-01   5.0000000e+00
   8.2148554e-01   4.0597555e-01   2.5240286e-01   5.0000000e+00
   8.2848207e-01   4.1348876e-01   2.2921168e-01   5.0000000e+00
   8.3279581e-01   4.2490845e-01   2.0980449e-01   5.0000000e+00
   8.3605321e-01   4.3523461e-01   1.9900492e-01   5.0000000e+00
   8.3862387e-01   4.4941707e-01   1.8419392e-01   5.0000000e+00
   8.4424065e-01   4.7018914e-01   1.6890009e-01   5.0000000e+00
   8.4241638e-01   4.7861153e-01   1.5722707e-01   5.0000000e+00
   8.4435891e-01   4.8801267e-01   1.4374134e-01   5.0000000e+00
   8.4515880e-01   4.9650062e-01   1.3607699e-01   5.0000000e+00
   8.4436318e-01   5.0074234e-01   1.3258652e-01   3.0000000e+00
   8.4223360e-01   5.0494064e-01   1.2959674e-01   3.0000000e+00
   8.4157514e-01   5.0887223e-01   1.2923850e-01   5.0000000e+00
   8.4264766e-01   5.0986498e-01   1.3067848e-01   5.0000000e+00
   8.4256261e-01   5.1380353e-01   1.3193730e-01   5.0000000e+00
   8.4436336e-01   5.1438318e-01   1.3208453e-01   5.0000000e+00
   8.4363040e-01   5.1414378e-01   1.3305954e-01   5.0000000e+00
   8.4794090e-01   5.1237468e-01   1.3576428e-01   5.0000000e+00
   8.4713923e-01   5.1497031e-01   1.3792263e-01   5.0000000e+00
