   7.6026037e-01   6.4109091e-02   9.4235587e-02   1.0000000e+00
   7.5894065e-01   6.1965480e-02   9.4315443e-02   1.0000000e+00
   7.5832930e-01   6.6390911e-02   9.5655462e-02   1.0000000e+00
   7.5844681e-01   6.4430313e-02   9.4732786e-02   1.0000000e+00
   7.5793607e-01   6.9952632e-02   9.7572086e-02   1.0000000e+00
   7.5823457e-01   7.6661364e-02   1.0462654e-01   1.0000000e+00
   7.5277194e-01   8.7166833e-02   1.1722763e-01   1.0000000e+00
   7.4614138e-01   1.1016587e-01   1.4566152e-01   1.0000000e+00
   7.4164051e-01   1.1619733e-01   1.5999403e-01   1.0000000e+00
   7.3841287e-01   1.3571459e-01   1.9037292e-01   1.0000000e+00
   7.3596318e-01   1.5015607e-01   2.1352771e-01   1.0000000e+00
   7.3706438e-01   1.5986652e-01   2.2888521e-01   3.0000000e+00
   7.4092506e-01   1.7939346e-01   2.6276124e-01   3.0000000e+00
   7.4350610e-01   1.8965900e-01   2.7911569e-01   1.0000000e+00
   7.4629003e-01   2.0554293e-01   3.0947159e-01   1.0000000e+00
   7.4882198e-01   2.1169562e-01   3.2157773e-01   1.0000000e+00
   7.5199723e-01   2.2266360e-01   3.3773825e-01   1.0000000e+00
   7.5476799e-01   2.3257309e-01   3.4971609e-01   1.0000000e+00
   7.5680267e-01   2.4003326e-01   3.5986586e-01   1.0000000e+00
   7.7230717e-01   2.4025759e-01   3.7532081e-01   1.0000000e+00
   7.8104004e-01   2.4541841e-01   3.8481031e-01   1.0000000e+00
   7.9124566e-01   2.4953762e-01   3.9004839e-01   1.0000000e+00
   7.9391512e-01   2.5792774e-01   3.9993357e-01   1.0000000e+00
   7.9879348e-01   2.6035601e-01   4.0443682e-01   1.0000000e+00
   7.9969221e-01   2.6488578e-01   4.0830647e-01   1.0000000e+00
   8.0207409e-01   2.6433745e-01   4.1050765e-01   1.0000000e+00
   8.0557412e-01   2.7024109e-01   4.2016818e-01   3.0000000e+00
   8.0222870e-01   2.7841488e-01   4.4075558e-01   5.0000000e+00
   7.9810815e-01   2.9356078e-01   4.2629211e-01   5.0000000e+00
   7.9910116e-01   3.1562949e-01   3.9864522e-01   5.0000000e+00
   8.0419110e-01   3.2766314e-01   3.7484507e-01   5.0000000e+00
   8.0896735e-01   3.3558553e-01   3.6196156e-01   5.0000000e+00
   8.1241939e-01   3.4272248e-01   3.5378985e-01   5.0000000e+00
   8.1354970e-01   3.4751320e-01   3.4505602e-01   5.0000000e+00
   8.2023637e-01   3.6790577e-01   3.1835740e-01   5.0000000e+00
   8.3013548e-01   3.8532396e-01   2.9514475e-01   5.0000000e+00
   8.3514644e-01   4.0396814e-01   2.7811508e-01   5.0000000e+00
   8.3671731e-01   4.1910240e-01   2.6029621e-01   5.0000000e+00
   8.3686348e-01   4.2747817e-01   2.4790250e-01   5.0000000e+00
   8.4608898e-01   4.2614082e-01   2.1200107e-01   5.0000000e+00
   8.4821202e-01   4.3788327e-01   1.8900774e-01   5.0000000e+00
   8.5202517e-01   4.4778886e-01   1.7286976e-01   5.0000000e+00
   8.5540533e-01   4.5797071e-01   1.5472227e-01   5.0000000e+00
   8.5632006e-01   4.6359849e-01   1.4459779e-01   5.0000000e+00
   8.5904523e-01   4.6697179e-01   1.3689787e-01   5.0000000e+00
   8.6191898e-01   4.7033468e-01   1.3349015e-01   5.0000000e+00
   8.6265120e-01   4.7505947e-01   1.2975749e-01   3.0000000e+00
   8.6596774e-01   4.8097582e-01   1.2845134e-01   3.0000000e+00
   8.7138031e-01   4.8180285e-01   1.2807634e-01   3.0000000e+00
   8.7259494e-01   4.8363049e-01   1.2531384e-01   3.0000000e+00
