   6.7609170e-01   8.8240010e-02   3.8860891e-01   5.0000000e+00
   6.7661941e-01   8.7641396e-02   3.9055636e-01   5.0000000e+00
   6.7625086e-01   8.8182683e-02   3.8932362e-01   5.0000000e+00
   6.7772517e-01   8.8043730e-02   3.8725965e-01   5.0000000e+00
   6.7862006e-01   8.8537270e-02   3.8627757e-01   5.0000000e+00
   6.8031394e-01   8.8816238e-02   3.8549167e-01   5.0000000e+00
   6.7924154e-01   9.0915498e-02   3.8344454e-01   5.0000000e+00
   6.7895580e-01   9.4388231e-02   3.7764793e-01   5.0000000e+00
   6.7949379e-01   1.0076468e-01   3.6789785e-01   5.0000000e+00
   6.8527308e-01   1.0560348e-01   3.5495894e-01   5.0000000e+00
   6.7825221e-01   8.2627523e-02   2.3172037e-01   5.0000000e+00
   7.0965382e-01   4.5850571e-02   1.3465602e-01   5.0000000e+00
   7.4551165e-01   2.0282822e-02   7.7617822e-02   5.0000000e+00
   7.7713998e-01   5.6431619e-03   4.0245651e-02   5.0000000e+00
   8.0258230e-01  -3.6262605e-03   1.5821992e-02   5.0000000e+00
   8.2264625e-01  -8.0602079e-03  -1.5223618e-03   5.0000000e+00
   8.3577974e-01  -1.0574416e-02  -1.2421122e-02   5.0000000e+00
   8.4979367e-01  -1.0697267e-02  -1.9890651e-02   5.0000000e+00
   8.6674581e-01  -8.5709696e-03  -2.4758830e-02   5.0000000e+00
   8.7451310e-01  -6.8604101e-03  -2.9457413e-02   5.0000000e+00
   8.8195028e-01  -4.9470351e-03  -3.2788057e-02   5.0000000e+00
   8.8509215e-01  -1.4551854e-04  -3.5463129e-02   5.0000000e+00
   8.8622376e-01   4.4596965e-03  -3.9033327e-02   5.0000000e+00
   8.9208424e-01   1.0239527e-02  -3.9490468e-02   5.0000000e+00
   8.9153815e-01   1.4829571e-02  -4.3139546e-02   5.0000000e+00
   8.9433686e-01   2.0703452e-02  -4.2860440e-02   3.0000000e+00
   8.9550653e-01   2.7231589e-02  -4.4062912e-02   1.0000000e+00
   8.9362221e-01   3.5159888e-02  -4.6229506e-02   1.0000000e+00
   8.9280991e-01   4.0243964e-02  -4.8160625e-02   1.0000000e+00
   8.9240782e-01   4.6093969e-02  -4.9211360e-02   1.0000000e+00
   8.9557742e-01   5.3351278e-02  -5.2135590e-02   1.0000000e+00
   9.0022764e-01   5.8981775e-02  -5.2990794e-02   1.0000000e+00
   9.0175884e-01   6.6022515e-02  -5.4634196e-02   1.0000000e+00
   9.0328698e-01   7.1231830e-02  -5.6863539e-02   1.0000000e+00
   9.1168802e-01   7.8713581e-02  -5.5172883e-02   1.0000000e+00
   9.0982285e-01   8.1865963e-02  -5.8296733e-02   1.0000000e+00
   9.1116373e-01   8.4810545e-02  -5.9651951e-02   1.0000000e+00
   9.1390730e-01   8.6747346e-02  -6.0474842e-02   1.0000000e+00
   9.1131340e-01   8.8074359e-02  -6.2789439e-02   3.0000000e+00
   9.0953966e-01   8.8797410e-02  -6.4145973e-02   3.0000000e+00
   9.1230231e-01   8.9692976e-02  -6.5288848e-02   3.0000000e+00
   9.1764486e-01   9.0735726e-02  -6.5345281e-02   3.0000000e+00
   9.2073553e-01   9.2879045e-02  -6.5396289e-02   3.0000000e+00
   9.2467937e-01   9.2591679e-02  -6.5343059e-02   3.0000000e+00
   9.2451548e-01   9.4079132e-02  -6.5189443e-02   3.0000000e+00
   9.2776190e-01   9.3305639e-02  -6.4810938e-02   3.0000000e+00
   9.2730374e-01   9.2203114e-02  -6.3114293e-02   3.0000000e+00
   9.2323210e-01   9.0877029e-02  -6.2802633e-02   3.0000000e+00
   8.3675229e-01   1.8390099e-01   1.5432494e-02   3.0000000e+00
   8.0832728e-01   3.4110449e-01   1.7073705e-01   3.0000000e+00
   8.3653370e-01   4.2908868e-01   2.7038964e-01   3.0000000e+00
   8.3756972e-01   4.3855618e-01   2.8614680e-01   3.0000000e+00
   8.3949096e-01   4.4599066e-01   2.9855018e-01   3.0000000e+00
   8.4005184e-01   4.5314959e-01   3.0987651e-01   3.0000000e+00
   8.4217128e-01   4.5974338e-01   3.2024460e-01   3.0000000e+00
   8.4397586e-01   4.6729743e-01   3.3413484e-01   3.0000000e+00
   8.4809985e-01   4.7415282e-01   3.5000528e-01   3.0000000e+00
   8.4955613e-01   4.8038171e-01   3.6397276e-01   3.0000000e+00
   8.5261706e-01   4.8332008e-01   3.6991878e-01   3.0000000e+00
   8.5276759e-01   4.8505838e-01   3.7211143e-01   3.0000000e+00
   8.5454010e-01   4.8544575e-01   3.7253047e-01   3.0000000e+00
   8.5485679e-01   4.8381203e-01   3.7025065e-01   1.0000000e+00
   8.5550670e-01   4.8543651e-01   3.7072153e-01   1.0000000e+00
   8.5567054e-01   4.8538554e-01   3.6900561e-01   1.0000000e+00
   8.5527116e-01   4.8687065e-01   3.6953031e-01   1.0000000e+00
   8.5050792e-01   4.8863597e-01   3.6976668e-01   1.0000000e+00
   8.4985127e-01   4.8883638e-01   3.6910629e-01   1.0000000e+00
   8.4912301e-01   4.8851909e-01   3.6789417e-01   1.0000000e+00
