   6.4257297e-01   1.0398948e-01   3.9327061e-01   5.0000000e+00
   6.3975103e-01   1.0217903e-01   4.0248689e-01   5.0000000e+00
   6.3866880e-01   1.0169295e-01   4.0632983e-01   5.0000000e+00
   6.3958184e-01   1.0241605e-01   4.0404926e-01   5.0000000e+00
   6.3922144e-01   1.0142006e-01   4.0032656e-01   5.0000000e+00
   6.4304496e-01   1.0674751e-01   3.8390236e-01   5.0000000e+00
   6.4847537e-01   1.0643602e-01   3.7780223e-01   5.0000000e+00
   6.5015297e-01   1.1020356e-01   3.7741945e-01   5.0000000e+00
   6.4958103e-01   1.1036230e-01   3.7160632e-01   5.0000000e+00
   6.5713292e-01   1.1619143e-01   3.4639240e-01   5.0000000e+00
   6.6707384e-01   1.2026404e-01   3.2626153e-01   5.0000000e+00
   6.8459076e-01   1.3853097e-01   2.9135609e-01   5.0000000e+00
   6.9470821e-01   1.5077576e-01   2.7883655e-01   5.0000000e+00
   7.0217454e-01   1.5470097e-01   2.6569954e-01   5.0000000e+00
   7.0984720e-01   1.6265663e-01   2.5360692e-01   5.0000000e+00
   7.2021160e-01   1.6847359e-01   2.3516446e-01   5.0000000e+00
   7.3060458e-01   1.7436660e-01   2.1304102e-01   5.0000000e+00
   7.4121876e-01   1.8786535e-01   1.8778573e-01   5.0000000e+00
   7.5389735e-01   1.9829194e-01   1.7017394e-01   5.0000000e+00
   7.6294480e-01   2.0520008e-01   1.5640274e-01   5.0000000e+00
   7.7157376e-01   2.1762410e-01   1.4772108e-01   5.0000000e+00
   7.7922943e-01   2.3121868e-01   1.3739736e-01   5.0000000e+00
   7.9012259e-01   2.4119240e-01   1.2756826e-01   5.0000000e+00
   7.9419947e-01   2.4829055e-01   1.2084933e-01   5.0000000e+00
   8.0419418e-01   2.6216754e-01   1.1239433e-01   5.0000000e+00
   8.0981002e-01   2.6843020e-01   1.0539080e-01   5.0000000e+00
   8.1098255e-01   2.7258817e-01   1.0338325e-01   5.0000000e+00
   8.1478333e-01   2.8256678e-01   1.0190903e-01   5.0000000e+00
   8.2262189e-01   2.8350860e-01   9.6372870e-02   5.0000000e+00
   8.2673212e-01   2.8467117e-01   9.1393490e-02   5.0000000e+00
   8.2836353e-01   2.8824930e-01   8.9604071e-02   5.0000000e+00
   8.2585397e-01   2.9213185e-01   9.5146861e-02   5.0000000e+00
   8.2079180e-01   3.0463584e-01   1.0949632e-01   3.0000000e+00
   8.1315095e-01   3.2320867e-01   1.3609628e-01   3.0000000e+00
   8.0815859e-01   3.4161554e-01   1.6699934e-01   3.0000000e+00
   8.0347765e-01   3.5989782e-01   1.9042323e-01   3.0000000e+00
   8.0208833e-01   3.7517641e-01   2.0787277e-01   3.0000000e+00
   8.0077386e-01   3.9132604e-01   2.2389315e-01   3.0000000e+00
   8.0384473e-01   4.0051069e-01   2.3399394e-01   3.0000000e+00
   8.0212566e-01   4.1683356e-01   2.5191816e-01   3.0000000e+00
   8.0139865e-01   4.2732454e-01   2.6007604e-01   3.0000000e+00
   8.0355771e-01   4.3552951e-01   2.6557860e-01   3.0000000e+00
   8.0228203e-01   4.4109472e-01   2.6949498e-01   3.0000000e+00
   8.0186205e-01   4.5343794e-01   2.7943528e-01   3.0000000e+00
   8.0232152e-01   4.5977394e-01   2.8822303e-01   3.0000000e+00
   7.9875063e-01   4.6716069e-01   2.9310331e-01   3.0000000e+00
   7.9807735e-01   4.7164132e-01   2.9862039e-01   3.0000000e+00
   7.9573804e-01   4.7549194e-01   3.0261704e-01   3.0000000e+00
   7.9328531e-01   4.8036897e-01   3.0701350e-01   3.0000000e+00
   7.9158959e-01   4.8149634e-01   3.0969545e-01   3.0000000e+00
   7.9091801e-01   4.8409946e-01   3.1167791e-01   3.0000000e+00
   7.9128880e-01   4.8754059e-01   3.1348216e-01   3.0000000e+00
   7.9170050e-01   4.8950564e-01   3.1569551e-01   3.0000000e+00
   7.9198345e-01   4.9145793e-01   3.1955198e-01   3.0000000e+00
   7.9227759e-01   4.9233374e-01   3.2036616e-01   3.0000000e+00
