   6.7997106e-01   8.2388262e-02   4.5735944e-01   5.0000000e+00
   6.7169263e-01   7.0478046e-02   4.7233510e-01   5.0000000e+00
   6.6697865e-01   7.3162448e-02   4.7226192e-01   5.0000000e+00
   6.6571034e-01   7.5790320e-02   4.7157813e-01   5.0000000e+00
   6.6772486e-01   8.3630068e-02   4.6086945e-01   5.0000000e+00
   6.7544368e-01   9.5248841e-02   4.4212155e-01   5.0000000e+00
   6.8367543e-01   1.0840549e-01   4.2327146e-01   5.0000000e+00
   6.9567178e-01   1.1934687e-01   4.0478605e-01   5.0000000e+00
   7.0519300e-01   1.3443942e-01   3.8721406e-01   5.0000000e+00
   7.1438299e-01   1.5067744e-01   3.6886817e-01   5.0000000e+00
   7.2625086e-01   1.6224424e-01   3.4547440e-01   5.0000000e+00
   7.3857098e-01   1.7451827e-01   3.2500498e-01   5.0000000e+00
   7.5162871e-01   1.8609786e-01   3.0362480e-01   5.0000000e+00
   7.6760623e-01   1.9717011e-01   2.8240080e-01   5.0000000e+00
   7.8080908e-01   2.0868758e-01   2.6286799e-01   5.0000000e+00
   7.9349894e-01   2.1904001e-01   2.4665018e-01   5.0000000e+00
   8.0847546e-01   2.2808010e-01   2.3227579e-01   5.0000000e+00
   8.1713859e-01   2.4025153e-01   2.1835031e-01   5.0000000e+00
   8.3056483e-01   2.4927511e-01   2.0241801e-01   5.0000000e+00
   8.4390565e-01   2.5794237e-01   1.8356313e-01   5.0000000e+00
   8.5225654e-01   2.6824863e-01   1.6758926e-01   5.0000000e+00
   8.6166606e-01   2.7238744e-01   1.5367116e-01   5.0000000e+00
   8.6752771e-01   2.8010129e-01   1.4298491e-01   5.0000000e+00
   8.7122482e-01   2.8871535e-01   1.3935625e-01   5.0000000e+00
   8.7783716e-01   2.9245494e-01   1.4061677e-01   5.0000000e+00
   8.7833973e-01   2.9787206e-01   1.4573952e-01   5.0000000e+00
   8.7544036e-01   3.0461341e-01   1.5529375e-01   3.0000000e+00
   8.7645093e-01   3.1730965e-01   1.6677828e-01   3.0000000e+00
   8.7902903e-01   3.3246004e-01   1.8435251e-01   3.0000000e+00
   8.7978931e-01   3.4974920e-01   2.0736382e-01   3.0000000e+00
   8.5048530e-01   3.9513399e-01   2.3808232e-01   3.0000000e+00
   8.4509836e-01   4.2021249e-01   2.6186910e-01   3.0000000e+00
   8.5418237e-01   4.3140001e-01   2.8005785e-01   3.0000000e+00
   8.5819394e-01   4.4372575e-01   3.0275602e-01   3.0000000e+00
   8.6049878e-01   4.5687302e-01   3.2550031e-01   3.0000000e+00
   8.6394202e-01   4.6807322e-01   3.4578422e-01   3.0000000e+00
   8.6281915e-01   4.7433395e-01   3.6324707e-01   3.0000000e+00
   8.6264773e-01   4.7915511e-01   3.7404604e-01   3.0000000e+00
   8.6344271e-01   4.8193776e-01   3.8510575e-01   1.0000000e+00
   8.6676640e-01   4.8564318e-01   3.9536409e-01   1.0000000e+00
   8.6817308e-01   4.8830775e-01   4.0634486e-01   1.0000000e+00
   8.6869009e-01   4.9217771e-01   4.1447739e-01   1.0000000e+00
   8.6802859e-01   4.9373029e-01   4.1898315e-01   3.0000000e+00
   8.6814424e-01   4.9747499e-01   4.2355285e-01   3.0000000e+00
   8.6816928e-01   4.9922122e-01   4.2659668e-01   3.0000000e+00
   8.6842252e-01   5.0127354e-01   4.2747532e-01   3.0000000e+00
   8.6868101e-01   5.0195402e-01   4.2840505e-01   3.0000000e+00
   8.6687192e-01   5.0309726e-01   4.2802637e-01   3.0000000e+00
   8.6381014e-01   5.0280819e-01   4.2649825e-01   3.0000000e+00
   8.6093319e-01   4.9988656e-01   4.2513381e-01   3.0000000e+00
