   6.5107132e-01   1.0491323e-01   4.1176211e-01   5.0000000e+00
   6.5071724e-01   1.0493832e-01   4.1387958e-01   5.0000000e+00
   6.4854979e-01   1.0295464e-01   4.2193364e-01   5.0000000e+00
   6.5021213e-01   1.0207328e-01   4.2741570e-01   5.0000000e+00
   6.4848544e-01   1.0049648e-01   4.3147386e-01   5.0000000e+00
   6.4897913e-01   1.0109472e-01   4.2967731e-01   5.0000000e+00
   6.5176211e-01   9.9390115e-02   4.2426172e-01   5.0000000e+00
   6.5442400e-01   1.0172868e-01   4.1858665e-01   5.0000000e+00
   6.5389986e-01   1.0214011e-01   4.1704474e-01   5.0000000e+00
   6.5630229e-01   1.0413665e-01   4.1462548e-01   5.0000000e+00
   6.5686920e-01   1.0357711e-01   4.1324737e-01   5.0000000e+00
   6.5975956e-01   1.0975223e-01   4.0240407e-01   5.0000000e+00
   6.6204938e-01   1.1130788e-01   3.9529878e-01   5.0000000e+00
   6.6416211e-01   1.1762107e-01   3.8565499e-01   5.0000000e+00
   6.7099139e-01   1.2296963e-01   3.7391814e-01   5.0000000e+00
   6.8455191e-01   1.3703333e-01   3.4624421e-01   5.0000000e+00
   6.9576918e-01   1.4354192e-01   3.2881364e-01   5.0000000e+00
   7.1480958e-01   1.5611130e-01   2.9485045e-01   5.0000000e+00
   7.2517511e-01   1.6422098e-01   2.7545767e-01   5.0000000e+00
   7.3558457e-01   1.7234887e-01   2.5793495e-01   5.0000000e+00
   7.4279403e-01   1.8222378e-01   2.3972840e-01   5.0000000e+00
   7.5052843e-01   1.9094165e-01   2.2193417e-01   5.0000000e+00
   7.6560145e-01   2.0310147e-01   2.0423130e-01   5.0000000e+00
   7.7428683e-01   2.1536821e-01   1.8644427e-01   5.0000000e+00
   7.8753843e-01   2.2148989e-01   1.6892445e-01   5.0000000e+00
   7.9660635e-01   2.2773316e-01   1.5172706e-01   5.0000000e+00
   8.0625127e-01   2.3645823e-01   1.3986565e-01   5.0000000e+00
   8.1601545e-01   2.4101635e-01   1.3342436e-01   5.0000000e+00
   8.2196208e-01   2.4900375e-01   1.2752189e-01   5.0000000e+00
   8.2746251e-01   2.5581977e-01   1.2126839e-01   5.0000000e+00
   8.3444321e-01   2.6090897e-01   1.1725425e-01   5.0000000e+00
   8.3921889e-01   2.6373687e-01   1.1553377e-01   5.0000000e+00
   8.3645473e-01   2.6908153e-01   1.1696923e-01   5.0000000e+00
   8.3797081e-01   2.6937151e-01   1.1894246e-01   5.0000000e+00
   8.4044832e-01   2.7487261e-01   1.1964254e-01   5.0000000e+00
   8.3946713e-01   2.8396540e-01   1.2032808e-01   5.0000000e+00
   8.4272799e-01   2.9945921e-01   1.3001898e-01   5.0000000e+00
   8.4020502e-01   3.1484979e-01   1.4742929e-01   3.0000000e+00
   8.3268151e-01   3.3299059e-01   1.7440121e-01   3.0000000e+00
   8.2286319e-01   3.5283749e-01   2.0788163e-01   3.0000000e+00
   8.2170578e-01   3.6929368e-01   2.4403513e-01   3.0000000e+00
   8.1864921e-01   3.8531514e-01   2.7296203e-01   3.0000000e+00
   8.0704994e-01   4.1036211e-01   3.0339306e-01   3.0000000e+00
   8.1145891e-01   4.1721982e-01   3.1937454e-01   3.0000000e+00
   8.1185630e-01   4.2586240e-01   3.2961011e-01   3.0000000e+00
   8.1254078e-01   4.3818973e-01   3.4565675e-01   3.0000000e+00
   8.1481263e-01   4.4530769e-01   3.5501327e-01   3.0000000e+00
   8.1633010e-01   4.4943032e-01   3.6405335e-01   3.0000000e+00
   8.1677114e-01   4.5981101e-01   3.7735535e-01   3.0000000e+00
   8.1951415e-01   4.6534841e-01   3.8859768e-01   3.0000000e+00
   8.2037128e-01   4.6817480e-01   4.0213913e-01   3.0000000e+00
   8.2434777e-01   4.7159579e-01   4.1040851e-01   3.0000000e+00
   8.2585623e-01   4.7453812e-01   4.1430662e-01   3.0000000e+00
   8.2748383e-01   4.7641238e-01   4.1587112e-01   3.0000000e+00
   8.2892584e-01   4.7836426e-01   4.1291112e-01   1.0000000e+00
   8.2987846e-01   4.7965021e-01   4.1350979e-01   1.0000000e+00
   8.3098581e-01   4.7840229e-01   4.1279725e-01   1.0000000e+00
   8.3312824e-01   4.7915439e-01   4.1408495e-01   1.0000000e+00
   8.3640965e-01   4.7915314e-01   4.1385195e-01   1.0000000e+00
   8.3675127e-01   4.7833051e-01   4.1304559e-01   1.0000000e+00
