   6.8795609e-01   1.0072137e-01   4.3691658e-01   5.0000000e+00
   6.9242422e-01   9.3924537e-02   4.4448252e-01   5.0000000e+00
   6.9564000e-01   9.1587533e-02   4.4660909e-01   5.0000000e+00
   6.9405487e-01   9.3841574e-02   4.4778751e-01   5.0000000e+00
   6.9473441e-01   9.6022860e-02   4.4285843e-01   5.0000000e+00
   6.9520038e-01   9.8752214e-02   4.3914260e-01   5.0000000e+00
   6.9766697e-01   1.0325832e-01   4.3010839e-01   5.0000000e+00
   7.0386039e-01   1.1548463e-01   4.0928172e-01   5.0000000e+00
   7.1416876e-01   1.2822897e-01   3.8282407e-01   5.0000000e+00
   7.2411479e-01   1.4112292e-01   3.5463751e-01   5.0000000e+00
   7.3621357e-01   1.5618472e-01   3.2723905e-01   5.0000000e+00
   7.5039253e-01   1.7132217e-01   3.0404153e-01   5.0000000e+00
   7.6397785e-01   1.8732608e-01   2.8432498e-01   5.0000000e+00
   7.7303962e-01   2.0192961e-01   2.6787305e-01   5.0000000e+00
   7.8432320e-01   2.1483045e-01   2.5362871e-01   5.0000000e+00
   7.9669050e-01   2.2902510e-01   2.4058087e-01   5.0000000e+00
   8.1053681e-01   2.3992972e-01   2.2906464e-01   5.0000000e+00
   8.2253925e-01   2.4814343e-01   2.1557973e-01   5.0000000e+00
   8.3501176e-01   2.6093862e-01   1.9508374e-01   5.0000000e+00
   8.4831891e-01   2.7256622e-01   1.7610047e-01   5.0000000e+00
   8.6046495e-01   2.7691808e-01   1.6229162e-01   5.0000000e+00
   8.7088486e-01   2.8188562e-01   1.4964889e-01   5.0000000e+00
   8.7816916e-01   2.8459966e-01   1.4052664e-01   5.0000000e+00
   8.8298293e-01   2.8854789e-01   1.2941754e-01   5.0000000e+00
   8.9022038e-01   2.9281335e-01   1.2213687e-01   5.0000000e+00
   8.9641992e-01   2.9646141e-01   1.1421117e-01   3.0000000e+00
   8.9545661e-01   3.0063073e-01   1.1695908e-01   3.0000000e+00
   8.9179567e-01   3.1050107e-01   1.3381643e-01   3.0000000e+00
   8.8352109e-01   3.2558402e-01   1.5709412e-01   3.0000000e+00
   8.7805499e-01   3.4091404e-01   1.7879354e-01   3.0000000e+00
   8.7303246e-01   3.5888038e-01   1.9826580e-01   3.0000000e+00
   8.7139747e-01   3.7470720e-01   2.1449532e-01   3.0000000e+00
   8.6950736e-01   3.8960797e-01   2.3106055e-01   3.0000000e+00
   8.7029582e-01   4.0439051e-01   2.4679746e-01   3.0000000e+00
   8.4052805e-01   4.3490470e-01   2.7355768e-01   3.0000000e+00
   8.4339117e-01   4.4348456e-01   2.9085261e-01   3.0000000e+00
   8.4273743e-01   4.5644041e-01   3.0941650e-01   3.0000000e+00
   8.4451011e-01   4.6812866e-01   3.2481383e-01   3.0000000e+00
   8.4536548e-01   4.7879607e-01   3.3747473e-01   3.0000000e+00
   8.4656472e-01   4.8860927e-01   3.5195549e-01   3.0000000e+00
   8.4523995e-01   4.9757724e-01   3.6811599e-01   3.0000000e+00
   8.4605907e-01   5.0496889e-01   3.8780058e-01   3.0000000e+00
   8.5055660e-01   5.1794499e-01   4.0991761e-01   3.0000000e+00
   8.5248037e-01   5.2993007e-01   4.3192267e-01   3.0000000e+00
   8.5784440e-01   5.3628014e-01   4.4439899e-01   3.0000000e+00
   8.5669441e-01   5.3948607e-01   4.4778486e-01   3.0000000e+00
   8.5398514e-01   5.4201645e-01   4.4665958e-01   3.0000000e+00
   8.5034597e-01   5.4066593e-01   4.4216098e-01   1.0000000e+00
   8.4654130e-01   5.3929922e-01   4.3778051e-01   1.0000000e+00
   8.4645209e-01   5.3677150e-01   4.3603051e-01   1.0000000e+00
   8.4824582e-01   5.3271793e-01   4.3462782e-01   1.0000000e+00
