   6.5802454e-01   8.0247839e-02   4.2584179e-01   5.0000000e+00
   6.6109598e-01   8.3452297e-02   4.2705565e-01   5.0000000e+00
   6.6010460e-01   8.4960201e-02   4.2942061e-01   5.0000000e+00
   6.6228007e-01   8.8376765e-02   4.2805378e-01   5.0000000e+00
   7.1585054e-01   9.1073023e-02   4.0749170e-01   5.0000000e+00
   6.7633157e-01   9.9542012e-02   4.0780131e-01   5.0000000e+00
   6.8404417e-01   1.0133019e-01   3.9151180e-01   5.0000000e+00
   6.8624684e-01   1.1171513e-01   3.7511240e-01   5.0000000e+00
   6.9906488e-01   1.2120877e-01   3.5520464e-01   5.0000000e+00
   7.1003211e-01   1.3038553e-01   3.3801583e-01   5.0000000e+00
   7.2083790e-01   1.3589677e-01   3.2041456e-01   5.0000000e+00
   7.3182791e-01   1.4186379e-01   2.9741198e-01   5.0000000e+00
   7.4196147e-01   1.4636605e-01   2.7070939e-01   5.0000000e+00
   7.5279783e-01   1.5771010e-01   2.4772132e-01   5.0000000e+00
   7.6767572e-01   1.6993505e-01   2.2872728e-01   5.0000000e+00
   7.7682796e-01   1.8488286e-01   2.1429037e-01   5.0000000e+00
   7.9131010e-01   1.9780398e-01   2.0259640e-01   5.0000000e+00
   8.0067797e-01   2.1035301e-01   1.9079596e-01   5.0000000e+00
   8.1578315e-01   2.2526593e-01   1.7323548e-01   5.0000000e+00
   8.2607196e-01   2.3968893e-01   1.5659149e-01   5.0000000e+00
   8.3713040e-01   2.5093599e-01   1.4465849e-01   5.0000000e+00
   8.4196414e-01   2.5793944e-01   1.3895312e-01   5.0000000e+00
   8.4497648e-01   2.6151563e-01   1.3632568e-01   5.0000000e+00
   8.4498522e-01   2.6678718e-01   1.3353899e-01   5.0000000e+00
   8.4740787e-01   2.6830507e-01   1.3177636e-01   5.0000000e+00
   8.4965745e-01   2.7115460e-01   1.3105004e-01   5.0000000e+00
   8.4754435e-01   2.7691755e-01   1.2892165e-01   5.0000000e+00
   8.4905607e-01   2.7915839e-01   1.2468791e-01   5.0000000e+00
   8.5050906e-01   2.8131193e-01   1.2060184e-01   5.0000000e+00
   8.5232141e-01   2.8573833e-01   1.2735337e-01   5.0000000e+00
   8.4910279e-01   2.9712440e-01   1.4506416e-01   5.0000000e+00
   8.4599346e-01   3.1348560e-01   1.6502678e-01   3.0000000e+00
   8.4879737e-01   3.3288411e-01   1.7965180e-01   3.0000000e+00
   8.4766302e-01   3.5784359e-01   1.9660679e-01   3.0000000e+00
   8.4831525e-01   3.7988330e-01   2.1519328e-01   3.0000000e+00
   8.5234793e-01   3.9632453e-01   2.3623202e-01   3.0000000e+00
   8.3947659e-01   4.2052995e-01   2.6166602e-01   3.0000000e+00
   8.4145272e-01   4.3141169e-01   2.8544491e-01   3.0000000e+00
   8.3677198e-01   4.4115208e-01   3.0770758e-01   3.0000000e+00
   8.3671182e-01   4.5075728e-01   3.2526213e-01   3.0000000e+00
   8.3735606e-01   4.5938761e-01   3.3490271e-01   3.0000000e+00
   8.3760980e-01   4.6781815e-01   3.4446032e-01   3.0000000e+00
   8.3842936e-01   4.7330989e-01   3.5213038e-01   3.0000000e+00
   8.3952657e-01   4.7654129e-01   3.5579802e-01   3.0000000e+00
   8.4044122e-01   4.7848129e-01   3.5830398e-01   3.0000000e+00
   8.3930475e-01   4.8273135e-01   3.6186948e-01   3.0000000e+00
   8.4111530e-01   4.8590594e-01   3.6735523e-01   3.0000000e+00
   8.4310968e-01   4.8753980e-01   3.7218978e-01   1.0000000e+00
   8.4087224e-01   4.8896484e-01   3.7536135e-01   3.0000000e+00
   8.4084174e-01   4.8879868e-01   3.7973603e-01   3.0000000e+00
   8.4166427e-01   4.8870671e-01   3.8094848e-01   3.0000000e+00
   8.3963122e-01   4.8973151e-01   3.8387753e-01   1.0000000e+00
   8.3971671e-01   4.8952639e-01   3.8422857e-01   1.0000000e+00
   8.3821777e-01   4.8841749e-01   3.8333361e-01   1.0000000e+00
   8.3684077e-01   4.8782990e-01   3.8370788e-01   1.0000000e+00
