   6.8310718e-01   8.7896212e-02   4.3582891e-01   5.0000000e+00
   6.8165745e-01   8.9153148e-02   4.3372692e-01   5.0000000e+00
   6.8226809e-01   9.2827840e-02   4.3071230e-01   5.0000000e+00
   7.0354514e-01   1.4692591e-01   4.2353308e-01   5.0000000e+00
   7.0001870e-01   1.0577658e-01   4.2654532e-01   5.0000000e+00
   6.8274432e-01   9.5572425e-02   4.3502959e-01   5.0000000e+00
   6.8203976e-01   9.4742276e-02   4.3232728e-01   5.0000000e+00
   6.8537294e-01   1.0092271e-01   4.2116833e-01   5.0000000e+00
   6.9218417e-01   1.1944550e-01   3.9774488e-01   5.0000000e+00
   6.9941783e-01   1.3827557e-01   3.7092858e-01   5.0000000e+00
   7.1088650e-01   1.5221212e-01   3.4956145e-01   5.0000000e+00
   7.2420926e-01   1.6613171e-01   3.2637268e-01   5.0000000e+00
   7.3574662e-01   1.8594049e-01   3.0013213e-01   5.0000000e+00
   7.5127083e-01   2.0103818e-01   2.7527034e-01   5.0000000e+00
   7.6504824e-01   2.1763219e-01   2.5375451e-01   5.0000000e+00
   7.7582793e-01   2.3125063e-01   2.3569583e-01   5.0000000e+00
   7.8739514e-01   2.3877015e-01   2.1830788e-01   5.0000000e+00
   7.9771470e-01   2.4646513e-01   2.0071749e-01   5.0000000e+00
   8.0721273e-01   2.5494447e-01   1.8131320e-01   5.0000000e+00
   8.1765243e-01   2.5946942e-01   1.6299169e-01   5.0000000e+00
   8.2756719e-01   2.6569924e-01   1.4521382e-01   5.0000000e+00
   8.3356327e-01   2.7136102e-01   1.3087547e-01   5.0000000e+00
   8.4080700e-01   2.7161337e-01   1.2192315e-01   5.0000000e+00
   8.4338242e-01   2.7036635e-01   1.1689033e-01   5.0000000e+00
   8.4239094e-01   2.7476254e-01   1.1887521e-01   5.0000000e+00
   8.4078584e-01   2.8141866e-01   1.2450573e-01   5.0000000e+00
   8.3665328e-01   2.8628236e-01   1.3504238e-01   5.0000000e+00
   8.3581087e-01   2.9512236e-01   1.4509551e-01   5.0000000e+00
   8.3315022e-01   3.0309832e-01   1.5384101e-01   5.0000000e+00
   8.3440096e-01   3.0913572e-01   1.5875723e-01   5.0000000e+00
   8.3245320e-01   3.2139503e-01   1.6279523e-01   5.0000000e+00
   8.3176403e-01   3.3946458e-01   1.7224340e-01   3.0000000e+00
   8.3258934e-01   3.6139099e-01   1.8850862e-01   3.0000000e+00
   8.2938687e-01   3.8529577e-01   2.0948454e-01   5.0000000e+00
   8.2938427e-01   4.1207604e-01   2.3397165e-01   5.0000000e+00
   8.3064939e-01   4.3109927e-01   2.5565687e-01   5.0000000e+00
   8.2869443e-01   4.4996476e-01   2.7830811e-01   3.0000000e+00
   8.2721383e-01   4.6781420e-01   2.9965431e-01   3.0000000e+00
   8.2766813e-01   4.8240354e-01   3.1709217e-01   3.0000000e+00
   8.2848683e-01   4.9499786e-01   3.4015899e-01   1.0000000e+00
   8.2833812e-01   5.0594322e-01   3.5824320e-01   1.0000000e+00
   8.2952411e-01   5.1309086e-01   3.6923188e-01   1.0000000e+00
   8.3059827e-01   5.1733081e-01   3.7894605e-01   1.0000000e+00
   8.2668592e-01   5.2028989e-01   3.8252232e-01   1.0000000e+00
   8.2807276e-01   5.2110255e-01   3.8723339e-01   1.0000000e+00
   8.2734811e-01   5.2254095e-01   3.9133601e-01   1.0000000e+00
   8.2699856e-01   5.2624275e-01   3.9351271e-01   1.0000000e+00
   8.2629544e-01   5.3003815e-01   3.9853402e-01   1.0000000e+00
