   6.5841823e-01   9.4236682e-02   4.1398777e-01   5.0000000e+00
   6.5405909e-01   9.4151390e-02   4.1514829e-01   5.0000000e+00
   6.5355636e-01   9.4247284e-02   4.1277588e-01   5.0000000e+00
   6.5240264e-01   9.4386786e-02   4.0973632e-01   5.0000000e+00
   6.5144146e-01   9.4857532e-02   4.0755474e-01   5.0000000e+00
   6.4915414e-01   9.3933486e-02   4.0551598e-01   5.0000000e+00
   6.5037778e-01   9.7185320e-02   4.0203481e-01   5.0000000e+00
   6.5116392e-01   9.9716681e-02   3.9950239e-01   5.0000000e+00
   6.5394843e-01   1.0300492e-01   3.9471323e-01   5.0000000e+00
   6.5584489e-01   1.0784364e-01   3.8371315e-01   5.0000000e+00
   6.6114109e-01   1.1466513e-01   3.6579819e-01   5.0000000e+00
   6.7118917e-01   1.2058177e-01   3.4560360e-01   5.0000000e+00
   6.8128157e-01   1.3184928e-01   3.2999936e-01   5.0000000e+00
   6.9361669e-01   1.4276496e-01   3.1339424e-01   5.0000000e+00
   7.0505703e-01   1.5313968e-01   2.9401899e-01   5.0000000e+00
   7.1960283e-01   1.6374432e-01   2.7141698e-01   5.0000000e+00
   7.3195880e-01   1.7242616e-01   2.5360138e-01   5.0000000e+00
   7.4403236e-01   1.8091382e-01   2.3887001e-01   5.0000000e+00
   7.6061500e-01   1.9296260e-01   2.1357761e-01   5.0000000e+00
   7.7390459e-01   2.0529673e-01   1.8590150e-01   5.0000000e+00
   7.9211707e-01   2.1423857e-01   1.6442205e-01   5.0000000e+00
   8.0613561e-01   2.2359000e-01   1.4911679e-01   5.0000000e+00
   8.1351489e-01   2.3348452e-01   1.3859295e-01   5.0000000e+00
   8.2572503e-01   2.4091819e-01   1.2930007e-01   5.0000000e+00
   8.3574903e-01   2.4854035e-01   1.2134076e-01   5.0000000e+00
   8.4153836e-01   2.5461013e-01   1.1474642e-01   5.0000000e+00
   8.4569496e-01   2.6153452e-01   1.1013053e-01   5.0000000e+00
   8.5176658e-01   2.6911811e-01   1.0504562e-01   5.0000000e+00
   8.5345654e-01   2.7717313e-01   1.0241506e-01   5.0000000e+00
   8.5375130e-01   2.8686638e-01   1.0073240e-01   5.0000000e+00
   8.5274262e-01   2.9782251e-01   9.9266674e-02   5.0000000e+00
   8.5202563e-01   3.0575987e-01   1.0217088e-01   5.0000000e+00
   8.4917980e-01   3.2095931e-01   1.2464329e-01   5.0000000e+00
   8.4181381e-01   3.4259045e-01   1.6006916e-01   3.0000000e+00
   8.3517105e-01   3.6666956e-01   1.9308227e-01   3.0000000e+00
   8.3082055e-01   3.9253724e-01   2.2090696e-01   3.0000000e+00
   8.2894156e-01   4.1300635e-01   2.4403492e-01   3.0000000e+00
   8.3076211e-01   4.2614429e-01   2.6323199e-01   3.0000000e+00
   8.3093028e-01   4.3882845e-01   2.8267222e-01   3.0000000e+00
   8.3027568e-01   4.4796982e-01   2.9835961e-01   3.0000000e+00
   8.2913146e-01   4.5774599e-01   3.1566108e-01   3.0000000e+00
   8.3016588e-01   4.6449114e-01   3.3076175e-01   3.0000000e+00
   8.2833630e-01   4.7082448e-01   3.4341929e-01   3.0000000e+00
   8.2883096e-01   4.7650734e-01   3.5578053e-01   3.0000000e+00
   8.2995019e-01   4.8211887e-01   3.6882959e-01   3.0000000e+00
   8.3247222e-01   4.8649248e-01   3.8194460e-01   3.0000000e+00
   8.3226190e-01   4.9133326e-01   3.9543926e-01   3.0000000e+00
   8.3473432e-01   4.9586885e-01   4.0411687e-01   3.0000000e+00
   8.3594106e-01   4.9732801e-01   4.0733226e-01   1.0000000e+00
   8.3641959e-01   4.9904867e-01   4.0861054e-01   1.0000000e+00
   8.3708777e-01   4.9998417e-01   4.1044773e-01   1.0000000e+00
   8.3551751e-01   5.0139921e-01   4.1092281e-01   1.0000000e+00
   8.3576865e-01   5.0152721e-01   4.1066339e-01   1.0000000e+00
   8.3719062e-01   4.9967164e-01   4.1082087e-01   1.0000000e+00
   8.3506853e-01   4.9489296e-01   4.0973311e-01   1.0000000e+00
   8.3447604e-01   4.8241129e-01   4.0823254e-01   3.0000000e+00
   8.3462732e-01   4.6563746e-01   4.0166441e-01   3.0000000e+00
   8.3768762e-01   4.5555682e-01   3.9672741e-01   3.0000000e+00
