2.160000000000000000e+02
2.170000000000000000e+02
2.440000000000000000e+02
2.420000000000000000e+02
2.410000000000000000e+02
2.410000000000000000e+02
2.950000000000000000e+02
2.960000000000000000e+02
2.960000000000000000e+02
2.990000000000000000e+02
2.950000000000000000e+02
2.950000000000000000e+02
2.950000000000000000e+02
2.960000000000000000e+02
2.960000000000000000e+02
2.990000000000000000e+02
2.950000000000000000e+02
2.960000000000000000e+02
2.950000000000000000e+02
7.900000000000000000e+01
7.900000000000000000e+01
7.900000000000000000e+01
8.000000000000000000e+01
7.900000000000000000e+01
7.900000000000000000e+01
7.900000000000000000e+01
8.000000000000000000e+01
1.870000000000000000e+02
1.880000000000000000e+02
1.880000000000000000e+02
1.870000000000000000e+02
1.870000000000000000e+02
1.880000000000000000e+02
1.880000000000000000e+02
1.880000000000000000e+02
1.900000000000000000e+02
1.910000000000000000e+02
8.000000000000000000e+01
1.870000000000000000e+02
1.870000000000000000e+02
1.880000000000000000e+02
1.880000000000000000e+02
1.870000000000000000e+02
1.880000000000000000e+02
1.880000000000000000e+02
1.880000000000000000e+02
1.870000000000000000e+02
1.880000000000000000e+02
1.870000000000000000e+02
1.880000000000000000e+02
1.880000000000000000e+02
1.870000000000000000e+02
1.880000000000000000e+02
1.880000000000000000e+02
1.870000000000000000e+02
1.880000000000000000e+02
1.870000000000000000e+02
1.910000000000000000e+02
1.880000000000000000e+02
1.870000000000000000e+02
