1.620000000000000000e+02
1.630000000000000000e+02
1.900000000000000000e+02
1.880000000000000000e+02
1.870000000000000000e+02
1.880000000000000000e+02
1.870000000000000000e+02
1.870000000000000000e+02
1.870000000000000000e+02
1.870000000000000000e+02
1.880000000000000000e+02
1.870000000000000000e+02
1.870000000000000000e+02
1.870000000000000000e+02
1.870000000000000000e+02
1.870000000000000000e+02
1.880000000000000000e+02
1.870000000000000000e+02
8.000000000000000000e+01
2.960000000000000000e+02
2.960000000000000000e+02
2.950000000000000000e+02
1.870000000000000000e+02
1.880000000000000000e+02
1.870000000000000000e+02
1.870000000000000000e+02
1.870000000000000000e+02
1.870000000000000000e+02
7.900000000000000000e+01
7.900000000000000000e+01
7.900000000000000000e+01
7.900000000000000000e+01
8.000000000000000000e+01
8.000000000000000000e+01
8.000000000000000000e+01
8.000000000000000000e+01
7.900000000000000000e+01
8.000000000000000000e+01
7.900000000000000000e+01
2.960000000000000000e+02
2.960000000000000000e+02
2.950000000000000000e+02
7.900000000000000000e+01
8.000000000000000000e+01
8.000000000000000000e+01
8.000000000000000000e+01
7.900000000000000000e+01
8.000000000000000000e+01
8.200000000000000000e+01
8.300000000000000000e+01
8.000000000000000000e+01
7.900000000000000000e+01
8.200000000000000000e+01
8.000000000000000000e+01
