5.400000000000000000e+01
5.500000000000000000e+01
8.200000000000000000e+01
8.200000000000000000e+01
7.900000000000000000e+01
7.900000000000000000e+01
8.000000000000000000e+01
8.000000000000000000e+01
1.870000000000000000e+02
1.870000000000000000e+02
1.880000000000000000e+02
1.870000000000000000e+02
1.880000000000000000e+02
7.900000000000000000e+01
8.000000000000000000e+01
8.000000000000000000e+01
7.900000000000000000e+01
8.000000000000000000e+01
8.000000000000000000e+01
7.900000000000000000e+01
8.000000000000000000e+01
8.000000000000000000e+01
8.000000000000000000e+01
8.000000000000000000e+01
1.870000000000000000e+02
2.950000000000000000e+02
2.960000000000000000e+02
2.950000000000000000e+02
2.960000000000000000e+02
2.950000000000000000e+02
2.960000000000000000e+02
2.960000000000000000e+02
2.960000000000000000e+02
2.950000000000000000e+02
2.960000000000000000e+02
2.960000000000000000e+02
2.960000000000000000e+02
2.950000000000000000e+02
2.960000000000000000e+02
2.950000000000000000e+02
2.960000000000000000e+02
2.950000000000000000e+02
2.960000000000000000e+02
2.950000000000000000e+02
2.960000000000000000e+02
2.950000000000000000e+02
1.870000000000000000e+02
1.870000000000000000e+02
