   7.7868905e-01   7.2960216e-02   1.3091160e-01   1.0000000e+00
   7.7762642e-01   7.2483494e-02   1.3209430e-01   1.0000000e+00
   7.8128194e-01   7.2035875e-02   1.3319579e-01   1.0000000e+00
   7.8128194e-01   7.2035875e-02   1.3319579e-01   1.0000000e+00
   7.8128194e-01   7.2035875e-02   1.3319579e-01   1.0000000e+00
   7.8105624e-01   7.2462626e-02   1.3270650e-01   1.0000000e+00
   7.8306437e-01   7.2121579e-02   1.3217187e-01   1.0000000e+00
   7.8408873e-01   7.3535753e-02   1.3312424e-01   1.0000000e+00
   7.8227477e-01   7.5723850e-02   1.3611555e-01   1.0000000e+00
   7.8356559e-01   8.4335638e-02   1.4264028e-01   1.0000000e+00
   7.7797965e-01   8.7312063e-02   1.5301156e-01   1.0000000e+00
   7.7343141e-01   9.0264273e-02   1.7174275e-01   1.0000000e+00
   7.6636144e-01   9.5050601e-02   1.9913242e-01   1.0000000e+00
   7.5622290e-01   9.7393590e-02   2.3206450e-01   1.0000000e+00
   7.4557970e-01   1.0067124e-01   2.6769768e-01   1.0000000e+00
   7.3372515e-01   9.9764747e-02   3.0860368e-01   1.0000000e+00
   7.2811470e-01   1.0149879e-01   3.5021923e-01   1.0000000e+00
   7.2395410e-01   1.0053758e-01   3.8565560e-01   1.0000000e+00
   7.1216654e-01   1.0440002e-01   4.1422299e-01   1.0000000e+00
   7.0233457e-01   1.0354649e-01   4.3251675e-01   1.0000000e+00
   7.0103129e-01   1.0242676e-01   4.3689012e-01   1.0000000e+00
   7.7388440e-01   1.0064878e-01   4.0894476e-01   1.0000000e+00
   7.4006676e-01   1.0337717e-01   4.1710635e-01   1.0000000e+00
   7.1288457e-01   1.0725711e-01   4.2507406e-01   1.0000000e+00
   7.0978449e-01   1.0827549e-01   4.2526078e-01   1.0000000e+00
   7.1205192e-01   1.0804178e-01   4.2467655e-01   1.0000000e+00
   7.1294618e-01   1.0549171e-01   4.2473724e-01   3.0000000e+00
   7.1133199e-01   1.0605797e-01   4.1925999e-01   3.0000000e+00
   7.1388948e-01   1.1353191e-01   4.1098702e-01   3.0000000e+00
   7.1739920e-01   1.2811774e-01   4.0768737e-01   3.0000000e+00
   7.2493758e-01   1.4914909e-01   4.0566351e-01   3.0000000e+00
   7.3297177e-01   1.8057430e-01   4.0159750e-01   3.0000000e+00
   7.4420912e-01   2.1867049e-01   3.9493194e-01   3.0000000e+00
   7.6226484e-01   2.5750941e-01   3.8857566e-01   3.0000000e+00
   7.8313361e-01   2.9196789e-01   3.8109236e-01   3.0000000e+00
   7.5433416e-01   3.4977041e-01   3.9588812e-01   3.0000000e+00
   7.8037411e-01   3.7079591e-01   3.8783881e-01   3.0000000e+00
   7.9410478e-01   3.8775129e-01   3.8419362e-01   3.0000000e+00
   7.9839453e-01   4.0032120e-01   3.8293864e-01   3.0000000e+00
   7.9743869e-01   4.0859360e-01   3.8107132e-01   5.0000000e+00
   7.9638902e-01   4.1214473e-01   3.7877685e-01   5.0000000e+00
   7.9556962e-01   4.1442622e-01   3.7822237e-01   3.0000000e+00
   7.9586998e-01   4.1691099e-01   3.7667492e-01   3.0000000e+00
   8.0065926e-01   4.1600354e-01   3.7616690e-01   3.0000000e+00
   8.0140392e-01   4.1981763e-01   3.7697354e-01   3.0000000e+00
   8.0528236e-01   4.2461990e-01   3.7856015e-01   3.0000000e+00
   8.0947948e-01   4.3185565e-01   3.7659025e-01   5.0000000e+00
   8.1668626e-01   4.4404161e-01   3.6731255e-01   5.0000000e+00
   8.2147397e-01   4.5362013e-01   3.4946753e-01   5.0000000e+00
   8.2585771e-01   4.6133580e-01   3.3043271e-01   5.0000000e+00
   8.3097108e-01   4.6736738e-01   3.1009430e-01   5.0000000e+00
   8.3599580e-01   4.7161173e-01   2.9159707e-01   5.0000000e+00
   8.4382783e-01   4.7383096e-01   2.7311254e-01   5.0000000e+00
   8.4867437e-01   4.7319297e-01   2.5428779e-01   5.0000000e+00
   8.5569382e-01   4.6685872e-01   2.3744706e-01   5.0000000e+00
   8.5791703e-01   4.6534521e-01   2.2698014e-01   5.0000000e+00
   8.5966805e-01   4.6577404e-01   2.2215668e-01   5.0000000e+00
   8.6049009e-01   4.6588621e-01   2.1712432e-01   5.0000000e+00
   8.6365748e-01   4.6305401e-01   2.0724342e-01   5.0000000e+00
   8.6435805e-01   4.6209847e-01   1.9727488e-01   5.0000000e+00
   8.6756030e-01   4.6161351e-01   1.8530175e-01   5.0000000e+00
   8.7006870e-01   4.6289985e-01   1.7585217e-01   5.0000000e+00
   8.7194791e-01   4.6244763e-01   1.6853276e-01   5.0000000e+00
   8.7209386e-01   4.5945076e-01   1.5974486e-01   5.0000000e+00
   8.7285307e-01   4.5749477e-01   1.5099916e-01   5.0000000e+00
   8.7584726e-01   4.5569412e-01   1.4157375e-01   5.0000000e+00
   8.7880542e-01   4.5344565e-01   1.3806173e-01   5.0000000e+00
   8.8130328e-01   4.4908670e-01   1.3776732e-01   5.0000000e+00
   8.8054598e-01   4.4867806e-01   1.3783078e-01   5.0000000e+00
   8.8016681e-01   4.5006638e-01   1.3746497e-01   5.0000000e+00
