   8.1364897e-01  -8.9815182e-02  -4.2721228e-02   1.0000000e+00
   8.1377944e-01  -9.1126808e-02  -4.0423365e-02   1.0000000e+00
   8.2777820e-01  -8.2994650e-02  -3.0420161e-02   1.0000000e+00
   8.3809526e-01  -7.0105997e-02  -2.6042394e-02   1.0000000e+00
   8.2925506e-01  -7.1502145e-02  -3.4264776e-02   1.0000000e+00
   8.2199707e-01  -7.7072698e-02  -3.5878335e-02   1.0000000e+00
   8.3200404e-01  -7.5439973e-02  -2.8523642e-02   1.0000000e+00
   8.4664410e-01  -6.5870054e-02  -2.2753400e-02   1.0000000e+00
   8.5981977e-01  -5.9004507e-02  -2.0260169e-02   1.0000000e+00
   8.4529511e-01  -6.7537502e-02  -2.2309408e-02   1.0000000e+00
   8.4309640e-01  -6.7956922e-02  -1.9917234e-02   1.0000000e+00
   8.4508361e-01  -6.8897942e-02  -1.9640891e-02   1.0000000e+00
   8.4435214e-01  -6.8507768e-02  -2.5242076e-02   1.0000000e+00
   8.3942091e-01  -6.9749414e-02  -3.0508830e-02   1.0000000e+00
   7.6377731e-01   7.7475242e-02   1.3225640e-01   1.0000000e+00
   6.9374628e-01   1.5170367e-01   3.2778608e-01   1.0000000e+00
   6.9514149e-01   1.6217648e-01   4.2208819e-01   1.0000000e+00
   6.8272715e-01   1.6683689e-01   4.3515513e-01   1.0000000e+00
   6.9107814e-01   1.6743659e-01   4.3667025e-01   1.0000000e+00
   6.9689008e-01   1.7076960e-01   4.4244609e-01   1.0000000e+00
   6.9234309e-01   1.7359607e-01   4.5527922e-01   3.0000000e+00
   6.9167238e-01   1.8148585e-01   4.6194670e-01   3.0000000e+00
   6.9211295e-01   1.9608137e-01   4.6573206e-01   3.0000000e+00
   7.0182056e-01   2.0329708e-01   4.6163654e-01   3.0000000e+00
   7.2950056e-01   2.2087684e-01   4.5716582e-01   3.0000000e+00
   7.3927382e-01   2.4275646e-01   4.5659085e-01   3.0000000e+00
   7.5242165e-01   2.6637917e-01   4.5213335e-01   3.0000000e+00
   7.5564595e-01   2.9023109e-01   4.5243996e-01   3.0000000e+00
   7.6456799e-01   3.0919841e-01   4.4787591e-01   3.0000000e+00
   7.7095221e-01   3.3082667e-01   4.4516798e-01   3.0000000e+00
   7.7740835e-01   3.5553379e-01   4.4219887e-01   3.0000000e+00
   7.9008368e-01   3.7586100e-01   4.3065592e-01   3.0000000e+00
   8.0433808e-01   3.9160036e-01   4.1877542e-01   3.0000000e+00
   8.0492750e-01   4.1114063e-01   4.1677442e-01   3.0000000e+00
   8.1605603e-01   4.2075595e-01   4.0956564e-01   5.0000000e+00
   8.2404928e-01   4.3269143e-01   4.0588698e-01   3.0000000e+00
   8.1973243e-01   4.5198469e-01   4.0820069e-01   3.0000000e+00
   8.2725806e-01   4.6340092e-01   4.0751784e-01   3.0000000e+00
   8.2538694e-01   4.7879701e-01   4.0896326e-01   3.0000000e+00
   8.4192071e-01   4.8416837e-01   4.0354693e-01   3.0000000e+00
   8.4941494e-01   4.9038659e-01   4.0023569e-01   3.0000000e+00
   8.5157165e-01   5.0275514e-01   3.8987942e-01   5.0000000e+00
   8.5686874e-01   5.1011597e-01   3.7805010e-01   5.0000000e+00
   8.5091103e-01   5.1816902e-01   3.6652723e-01   5.0000000e+00
   8.4259690e-01   5.2860000e-01   3.4710998e-01   5.0000000e+00
   8.3883944e-01   5.3280824e-01   3.2303171e-01   5.0000000e+00
   8.4052808e-01   5.3169254e-01   3.0167700e-01   5.0000000e+00
   8.2782385e-01   5.3804856e-01   2.8775749e-01   5.0000000e+00
   8.2989893e-01   5.3593380e-01   2.7364703e-01   5.0000000e+00
   8.2320266e-01   5.3847928e-01   2.6235973e-01   5.0000000e+00
   8.2083525e-01   5.3859528e-01   2.5010999e-01   5.0000000e+00
   8.1799711e-01   5.3965188e-01   2.3401980e-01   5.0000000e+00
   8.1889623e-01   5.4261925e-01   2.1522327e-01   5.0000000e+00
   8.3153584e-01   5.3441209e-01   1.9433244e-01   5.0000000e+00
   8.3139866e-01   5.3892993e-01   1.7576328e-01   5.0000000e+00
   8.2712479e-01   5.4228121e-01   1.6105034e-01   5.0000000e+00
   8.3192287e-01   5.3851583e-01   1.5328550e-01   5.0000000e+00
   8.3285380e-01   5.3429897e-01   1.4904809e-01   5.0000000e+00
   8.3206292e-01   5.3373290e-01   1.4477666e-01   5.0000000e+00
   8.2718537e-01   5.3659020e-01   1.3979653e-01   5.0000000e+00
   8.2528482e-01   5.3648269e-01   1.3584268e-01   5.0000000e+00
   8.2607575e-01   5.3545934e-01   1.3355957e-01   5.0000000e+00
   8.2227071e-01   5.3585717e-01   1.3346624e-01   5.0000000e+00
   8.2507909e-01   5.3622690e-01   1.3445143e-01   5.0000000e+00
   8.2474745e-01   5.3883869e-01   1.3530274e-01   5.0000000e+00
   8.2881210e-01   5.3685943e-01   1.3590984e-01   5.0000000e+00
