   8.8541187e-01  -2.6136231e-02  -2.6299016e-02   1.0000000e+00
   8.8416073e-01  -2.9380241e-02  -2.7732493e-02   1.0000000e+00
   8.9161072e-01  -2.1566816e-02  -2.2488401e-02   1.0000000e+00
   8.9313851e-01  -1.4540590e-02  -1.8121221e-02   1.0000000e+00
   8.8376667e-01  -1.7248534e-02  -2.4813504e-02   1.0000000e+00
   8.8731081e-01  -1.8431164e-02  -2.1800854e-02   1.0000000e+00
   8.7898175e-01  -1.8278393e-02  -2.3832110e-02   1.0000000e+00
   8.8172108e-01  -2.1713385e-02  -2.3725290e-02   1.0000000e+00
   8.8772076e-01  -1.4973800e-02  -1.7565590e-02   1.0000000e+00
   8.8844308e-01  -1.2674832e-02  -1.7953486e-02   1.0000000e+00
   8.8823982e-01  -1.2268693e-02  -1.9754011e-02   1.0000000e+00
   8.8165266e-01  -1.7378873e-02  -1.6896166e-02   1.0000000e+00
   8.8490346e-01  -1.3020823e-02  -1.9118413e-02   1.0000000e+00
   8.8238572e-01  -1.2287698e-02  -2.0794071e-02   1.0000000e+00
   7.7131439e-01   9.8568931e-02   1.4142686e-01   1.0000000e+00
   7.1242930e-01   1.4753107e-01   2.9110859e-01   1.0000000e+00
   7.0776812e-01   1.6510220e-01   4.0651819e-01   1.0000000e+00
   7.2024472e-01   1.6851627e-01   4.0605465e-01   1.0000000e+00
   7.1978437e-01   1.7257471e-01   4.0893474e-01   1.0000000e+00
   7.0943181e-01   1.8129851e-01   4.1604388e-01   1.0000000e+00
   7.1288959e-01   1.9485971e-01   4.1752095e-01   1.0000000e+00
   7.2973221e-01   2.1243615e-01   4.1431831e-01   3.0000000e+00
   7.3760062e-01   2.3516770e-01   4.1197790e-01   3.0000000e+00
   7.5624806e-01   2.4776928e-01   4.1935894e-01   3.0000000e+00
   7.7717255e-01   2.6903711e-01   4.1491665e-01   3.0000000e+00
   7.8947046e-01   2.9074544e-01   4.1028488e-01   3.0000000e+00
   7.8996898e-01   3.2339744e-01   4.1426740e-01   3.0000000e+00
   7.9469529e-01   3.5995402e-01   4.1315535e-01   3.0000000e+00
   8.0363346e-01   3.9307042e-01   4.0129757e-01   3.0000000e+00
   8.1759012e-01   4.2372431e-01   3.9175409e-01   3.0000000e+00
   8.3791744e-01   4.4682381e-01   3.8149137e-01   5.0000000e+00
   8.4352373e-01   4.7312861e-01   3.8177414e-01   5.0000000e+00
   8.5347310e-01   4.8947886e-01   3.7610791e-01   5.0000000e+00
   8.5199655e-01   5.0712972e-01   3.7759305e-01   5.0000000e+00
   8.5400799e-01   5.1224261e-01   3.7493395e-01   5.0000000e+00
   8.5683934e-01   5.1863140e-01   3.7249688e-01   5.0000000e+00
   8.6068151e-01   5.1952911e-01   3.7308437e-01   3.0000000e+00
   8.6115703e-01   5.1791759e-01   3.6673360e-01   3.0000000e+00
   8.5874398e-01   5.2450606e-01   3.5705416e-01   5.0000000e+00
   8.6160764e-01   5.2944940e-01   3.4610348e-01   5.0000000e+00
   8.6066630e-01   5.3534029e-01   3.3240230e-01   5.0000000e+00
   8.5022831e-01   5.4774743e-01   3.2542969e-01   5.0000000e+00
   8.4643977e-01   5.5029706e-01   3.1677018e-01   5.0000000e+00
   8.4531765e-01   5.4584997e-01   3.1103034e-01   5.0000000e+00
   8.4258639e-01   5.4750810e-01   3.0714984e-01   5.0000000e+00
   8.3706672e-01   5.5332791e-01   2.9944879e-01   5.0000000e+00
   8.3579472e-01   5.5282921e-01   2.8758906e-01   5.0000000e+00
   8.2802810e-01   5.5542886e-01   2.7079719e-01   5.0000000e+00
   8.2885929e-01   5.5014262e-01   2.4036908e-01   5.0000000e+00
   8.3034177e-01   5.4783310e-01   2.0993257e-01   5.0000000e+00
   8.2699188e-01   5.4948509e-01   1.8692750e-01   5.0000000e+00
   8.2967167e-01   5.4480174e-01   1.7390099e-01   5.0000000e+00
   8.2133963e-01   5.4907783e-01   1.6628970e-01   5.0000000e+00
   8.2371903e-01   5.4862254e-01   1.5935305e-01   5.0000000e+00
   8.2611049e-01   5.5013133e-01   1.4831383e-01   5.0000000e+00
   8.2882240e-01   5.4845673e-01   1.3507520e-01   5.0000000e+00
   8.2461784e-01   5.5245362e-01   1.2536162e-01   3.0000000e+00
   8.2668291e-01   5.4813853e-01   1.2086634e-01   5.0000000e+00
   8.2273608e-01   5.5074042e-01   1.2056086e-01   5.0000000e+00
   8.2519143e-01   5.4686440e-01   1.2292365e-01   5.0000000e+00
   8.2326164e-01   5.4855358e-01   1.2456348e-01   5.0000000e+00
   8.1705691e-01   5.5199757e-01   1.2599542e-01   5.0000000e+00
   8.1967361e-01   5.4830960e-01   1.2566039e-01   5.0000000e+00
   8.1663555e-01   5.4983659e-01   1.2595218e-01   5.0000000e+00
   8.1484449e-01   5.5115040e-01   1.2486395e-01   5.0000000e+00
