   7.7875188e-01  -1.2841698e-01  -4.1485654e-02   1.0000000e+00
   7.8054153e-01  -1.2591772e-01  -4.1488958e-02   1.0000000e+00
   7.9351137e-01  -1.1001040e-01  -3.4443458e-02   1.0000000e+00
   7.9492649e-01  -1.0654374e-01  -3.5451115e-02   1.0000000e+00
   7.8497760e-01  -1.1382954e-01  -4.0401212e-02   1.0000000e+00
   7.9868548e-01  -1.0783281e-01  -3.5770803e-02   1.0000000e+00
   7.8412265e-01  -1.1435836e-01  -4.0912217e-02   1.0000000e+00
   7.7466762e-01  -1.3512460e-01  -4.3905061e-02   1.0000000e+00
   7.9592191e-01  -1.2669006e-01  -3.5109239e-02   1.0000000e+00
   7.7849034e-01  -1.3806989e-01  -3.4912107e-02   1.0000000e+00
   7.6884019e-01  -1.5067817e-01  -4.1006469e-02   1.0000000e+00
   7.8397596e-01  -1.4421869e-01  -3.7399563e-02   1.0000000e+00
   7.9094597e-01  -1.3344678e-01  -3.8190590e-02   1.0000000e+00
   7.9802790e-01  -1.2461033e-01  -3.5639714e-02   1.0000000e+00
   8.1079727e-01  -9.9034892e-02  -3.1495060e-02   1.0000000e+00
   8.0196129e-01  -8.7865337e-02  -3.6541141e-02   1.0000000e+00
   8.1679512e-01  -8.1699773e-02  -3.1396160e-02   1.0000000e+00
   8.0788678e-01   6.8720247e-02   1.1370843e-01   1.0000000e+00
   6.8277161e-01   1.5701725e-01   2.7005108e-01   1.0000000e+00
   6.7114554e-01   1.8130844e-01   4.2453606e-01   1.0000000e+00
   6.8557035e-01   1.9093972e-01   4.2861376e-01   1.0000000e+00
   6.8451388e-01   2.0452077e-01   4.3511135e-01   3.0000000e+00
   6.9545515e-01   2.1422888e-01   4.3292860e-01   3.0000000e+00
   6.9927631e-01   2.3528770e-01   4.2914037e-01   3.0000000e+00
   7.3727130e-01   2.4758691e-01   4.2599370e-01   3.0000000e+00
   7.5587050e-01   2.6244168e-01   4.2183808e-01   3.0000000e+00
   7.6610587e-01   2.8173624e-01   4.2039150e-01   3.0000000e+00
   7.7204740e-01   2.9795491e-01   4.2149548e-01   3.0000000e+00
   7.7707947e-01   3.1519287e-01   4.1931727e-01   3.0000000e+00
   7.8181934e-01   3.3222242e-01   4.1539726e-01   3.0000000e+00
   7.8396094e-01   3.5326411e-01   4.1280010e-01   3.0000000e+00
   7.8606307e-01   3.7102347e-01   4.0970519e-01   3.0000000e+00
   7.9053915e-01   3.8766191e-01   3.9751902e-01   3.0000000e+00
   7.9246237e-01   4.1044835e-01   3.8790730e-01   3.0000000e+00
   8.0015957e-01   4.1839273e-01   3.8327283e-01   3.0000000e+00
   8.0021600e-01   4.4565894e-01   3.7873835e-01   3.0000000e+00
   8.0956197e-01   4.5634538e-01   3.7217402e-01   3.0000000e+00
   8.1551810e-01   4.6549261e-01   3.6765877e-01   3.0000000e+00
   8.1637734e-01   4.7521381e-01   3.6718845e-01   3.0000000e+00
   8.0671081e-01   4.8539172e-01   3.6971056e-01   3.0000000e+00
   8.0466423e-01   4.9244476e-01   3.6147547e-01   5.0000000e+00
   8.0233218e-01   4.9741953e-01   3.4778684e-01   5.0000000e+00
   8.0289155e-01   5.0789801e-01   3.3686308e-01   5.0000000e+00
   7.9965611e-01   5.2271609e-01   3.2218671e-01   5.0000000e+00
   7.9677891e-01   5.3411939e-01   3.0924106e-01   5.0000000e+00
   7.9499626e-01   5.3609684e-01   2.9353300e-01   5.0000000e+00
   7.9993132e-01   5.3417405e-01   2.7388533e-01   5.0000000e+00
   7.9756710e-01   5.3739181e-01   2.5602530e-01   5.0000000e+00
   8.0301739e-01   5.3415733e-01   2.3609299e-01   5.0000000e+00
   8.0741904e-01   5.3474286e-01   2.1847379e-01   5.0000000e+00
   8.1163538e-01   5.3504068e-01   2.0766919e-01   5.0000000e+00
   8.1261689e-01   5.3620483e-01   1.9486145e-01   5.0000000e+00
   8.1749231e-01   5.3413652e-01   1.8233666e-01   5.0000000e+00
   8.2457000e-01   5.2934413e-01   1.7077372e-01   5.0000000e+00
   8.2821344e-01   5.2486560e-01   1.5618016e-01   5.0000000e+00
   8.2031413e-01   5.2798597e-01   1.4849862e-01   5.0000000e+00
   8.1744538e-01   5.2722375e-01   1.4510453e-01   5.0000000e+00
   8.2219671e-01   5.2470100e-01   1.4275552e-01   5.0000000e+00
   8.1963390e-01   5.2995280e-01   1.4076975e-01   3.0000000e+00
   8.2259616e-01   5.2575448e-01   1.3914225e-01   3.0000000e+00
   8.2321707e-01   5.2565048e-01   1.3437198e-01   3.0000000e+00
   8.2342653e-01   5.2210038e-01   1.3179739e-01   5.0000000e+00
   8.2283181e-01   5.2202154e-01   1.3135642e-01   5.0000000e+00
