   7.8739495e-01  -1.1799992e-01  -4.1670293e-02   1.0000000e+00
   7.8031444e-01  -1.1672917e-01  -4.4784042e-02   1.0000000e+00
   7.9578830e-01  -1.0080640e-01  -3.8454373e-02   1.0000000e+00
   7.9971768e-01  -1.0608072e-01  -3.8672852e-02   1.0000000e+00
   7.9712622e-01  -1.0001143e-01  -4.1202329e-02   1.0000000e+00
   7.9923807e-01  -9.6430648e-02  -3.8383437e-02   1.0000000e+00
   7.9515904e-01  -9.9353316e-02  -4.0190862e-02   1.0000000e+00
   7.9807382e-01  -9.6400037e-02  -3.8674182e-02   1.0000000e+00
   8.0128531e-01  -9.5752651e-02  -3.8404589e-02   1.0000000e+00
   7.9952572e-01  -9.9030719e-02  -3.4198951e-02   1.0000000e+00
   8.0307033e-01  -1.0666605e-01  -3.8044940e-02   1.0000000e+00
   8.0237624e-01  -9.8441540e-02  -3.9154134e-02   1.0000000e+00
   8.0488774e-01  -9.5751989e-02  -3.8765789e-02   1.0000000e+00
   8.0186667e-01  -9.8588111e-02  -4.0470513e-02   1.0000000e+00
   6.9426927e-01   9.5137286e-02   1.8491775e-01   1.0000000e+00
   6.5802745e-01   1.5509654e-01   3.1589925e-01   1.0000000e+00
   6.6658282e-01   1.7149043e-01   4.2024679e-01   1.0000000e+00
   6.5165049e-01   1.7818263e-01   4.3992116e-01   1.0000000e+00
   6.5262736e-01   1.8379285e-01   4.5770619e-01   1.0000000e+00
   7.3900860e-01   1.6603636e-01   4.3142797e-01   1.0000000e+00
   7.5270924e-01   1.6512943e-01   4.4368249e-01   1.0000000e+00
   7.5352077e-01   1.6603384e-01   4.5066720e-01   3.0000000e+00
   7.4944262e-01   1.6903950e-01   4.5875578e-01   3.0000000e+00
   7.4368427e-01   1.8000726e-01   4.6538721e-01   3.0000000e+00
   7.4905932e-01   1.7912931e-01   4.6867958e-01   3.0000000e+00
   7.5446998e-01   1.9349523e-01   4.6365336e-01   3.0000000e+00
   7.6386305e-01   2.0854678e-01   4.5449977e-01   3.0000000e+00
   7.7430719e-01   2.2136225e-01   4.4496409e-01   3.0000000e+00
   7.7884654e-01   2.4210188e-01   4.4082950e-01   3.0000000e+00
   7.8414990e-01   2.6251773e-01   4.3847316e-01   3.0000000e+00
   7.9062786e-01   2.8775034e-01   4.3671436e-01   3.0000000e+00
   8.0085743e-01   3.1320304e-01   4.3264674e-01   3.0000000e+00
   8.0736901e-01   3.4148876e-01   4.2999382e-01   3.0000000e+00
   8.1732613e-01   3.6432338e-01   4.2643899e-01   3.0000000e+00
   8.2359706e-01   3.8470297e-01   4.2212397e-01   3.0000000e+00
   8.3386893e-01   4.0491970e-01   4.1404875e-01   3.0000000e+00
   8.3201704e-01   4.3300859e-01   4.0915164e-01   3.0000000e+00
   8.5190444e-01   4.4041548e-01   3.9724551e-01   3.0000000e+00
   8.5423811e-01   4.5510604e-01   3.9589253e-01   3.0000000e+00
   8.5388456e-01   4.6841467e-01   3.9293808e-01   3.0000000e+00
   8.5919616e-01   4.6927048e-01   3.8537620e-01   5.0000000e+00
   8.4537038e-01   4.8563653e-01   3.8272746e-01   5.0000000e+00
   8.4156178e-01   4.9361014e-01   3.6922690e-01   5.0000000e+00
   8.4664887e-01   4.9622665e-01   3.5102916e-01   5.0000000e+00
   8.4611871e-01   5.0044858e-01   3.3362487e-01   5.0000000e+00
   8.3676999e-01   5.0981652e-01   3.1763721e-01   5.0000000e+00
   8.3318119e-01   5.1428160e-01   3.0097085e-01   5.0000000e+00
   8.3678195e-01   5.1671910e-01   2.8338914e-01   5.0000000e+00
   8.3765460e-01   5.1602422e-01   2.6429164e-01   5.0000000e+00
   8.3475152e-01   5.1528469e-01   2.4638606e-01   5.0000000e+00
   8.3498785e-01   5.1298976e-01   2.3064094e-01   5.0000000e+00
   8.3715600e-01   5.1313461e-01   2.1425080e-01   5.0000000e+00
   8.4268163e-01   5.1095348e-01   1.9884909e-01   5.0000000e+00
   8.4069049e-01   5.1458551e-01   1.8822390e-01   5.0000000e+00
   8.4156641e-01   5.1378782e-01   1.8051067e-01   5.0000000e+00
   8.4600906e-01   5.1066240e-01   1.7211325e-01   5.0000000e+00
   8.5065025e-01   5.1078702e-01   1.6117845e-01   5.0000000e+00
   8.5516212e-01   5.1035226e-01   1.4675683e-01   5.0000000e+00
   8.5799728e-01   5.0743014e-01   1.3615499e-01   5.0000000e+00
   8.5944981e-01   5.0705416e-01   1.2640675e-01   5.0000000e+00
   8.5989454e-01   5.0726462e-01   1.2094460e-01   5.0000000e+00
   8.5685695e-01   5.0684611e-01   1.2247680e-01   5.0000000e+00
   8.5738488e-01   5.0599310e-01   1.2454149e-01   5.0000000e+00
   8.5862026e-01   5.0762695e-01   1.2491928e-01   5.0000000e+00
