   8.6716129e-01  -5.1495861e-02  -2.5444749e-02   1.0000000e+00
   8.6369448e-01  -5.6119414e-02  -2.8898176e-02   1.0000000e+00
   8.6555222e-01  -5.3249115e-02  -2.5028905e-02   1.0000000e+00
   8.6860680e-01  -4.9884467e-02  -2.6121708e-02   1.0000000e+00
   8.6900329e-01  -5.0804834e-02  -2.5729329e-02   1.0000000e+00
   8.6904150e-01  -5.0334075e-02  -2.4514061e-02   1.0000000e+00
   8.7150997e-01  -4.7250194e-02  -2.4450742e-02   1.0000000e+00
   8.7095871e-01  -4.7393884e-02  -2.5811078e-02   1.0000000e+00
   8.7344385e-01  -4.5361282e-02  -2.1579996e-02   1.0000000e+00
   7.6566161e-01   7.2881876e-02   1.4115875e-01   1.0000000e+00
   7.1874128e-01   1.4354966e-01   2.9912096e-01   1.0000000e+00
   7.2272208e-01   1.7053645e-01   4.1428461e-01   1.0000000e+00
   7.2300799e-01   1.7350521e-01   4.2239768e-01   1.0000000e+00
   7.2079909e-01   1.7584216e-01   4.2729455e-01   1.0000000e+00
   7.2101400e-01   1.8084275e-01   4.2923693e-01   1.0000000e+00
   7.1795843e-01   1.8680833e-01   4.3303234e-01   1.0000000e+00
   7.2173615e-01   1.9394526e-01   4.3654820e-01   1.0000000e+00
   7.3193821e-01   2.0148340e-01   4.3648398e-01   1.0000000e+00
   7.4400477e-01   2.0978644e-01   4.4116160e-01   1.0000000e+00
   7.5961009e-01   2.2158354e-01   4.4006641e-01   1.0000000e+00
   7.5490795e-01   2.4115441e-01   4.4183959e-01   3.0000000e+00
   7.4857137e-01   2.6010134e-01   4.4826366e-01   3.0000000e+00
   7.5738280e-01   2.8103695e-01   4.4618399e-01   3.0000000e+00
   7.5918073e-01   3.0325331e-01   4.4247355e-01   3.0000000e+00
   7.6237052e-01   3.2276192e-01   4.3974181e-01   3.0000000e+00
   7.6491686e-01   3.4004833e-01   4.3952456e-01   3.0000000e+00
   7.7117623e-01   3.5807219e-01   4.3623531e-01   3.0000000e+00
   7.7907566e-01   3.7709217e-01   4.2881651e-01   3.0000000e+00
   7.8803583e-01   3.9015951e-01   4.2176493e-01   3.0000000e+00
   7.9305874e-01   4.0192656e-01   4.1596129e-01   3.0000000e+00
   7.9746307e-01   4.1091922e-01   4.1068806e-01   3.0000000e+00
   7.9886315e-01   4.2008550e-01   4.0526928e-01   3.0000000e+00
   7.9991118e-01   4.3371605e-01   3.9909549e-01   3.0000000e+00
   8.0520520e-01   4.4392883e-01   3.9337344e-01   3.0000000e+00
   8.1372047e-01   4.6001740e-01   3.8270431e-01   3.0000000e+00
   8.2042444e-01   4.7642007e-01   3.6995786e-01   3.0000000e+00
   8.2840877e-01   4.8929310e-01   3.5550441e-01   3.0000000e+00
   8.3395889e-01   4.9486031e-01   3.4435127e-01   3.0000000e+00
   8.3356545e-01   4.9404135e-01   3.3829892e-01   5.0000000e+00
   8.3287053e-01   4.9530143e-01   3.3414551e-01   5.0000000e+00
   8.3356690e-01   5.0210510e-01   3.2018821e-01   5.0000000e+00
   8.3753090e-01   5.0691075e-01   2.9663244e-01   5.0000000e+00
   8.4045162e-01   5.1040282e-01   2.7296924e-01   5.0000000e+00
   8.4521865e-01   5.0905197e-01   2.5341747e-01   5.0000000e+00
   8.4506340e-01   5.0764898e-01   2.3755116e-01   5.0000000e+00
   8.4633168e-01   5.0575921e-01   2.2296858e-01   5.0000000e+00
   8.4839506e-01   5.0509451e-01   2.1064734e-01   5.0000000e+00
   8.4750557e-01   5.0563335e-01   1.9932553e-01   5.0000000e+00
   8.4732128e-01   5.0717471e-01   1.8637114e-01   5.0000000e+00
   8.4748147e-01   5.0822772e-01   1.7365260e-01   5.0000000e+00
   8.4546630e-01   5.0837707e-01   1.6126570e-01   5.0000000e+00
   8.4862637e-01   5.0830653e-01   1.5279935e-01   5.0000000e+00
   8.4702094e-01   5.0913525e-01   1.4666254e-01   5.0000000e+00
   8.4801366e-01   5.1038856e-01   1.4276738e-01   5.0000000e+00
   8.4925292e-01   5.1382348e-01   1.3925006e-01   5.0000000e+00
   8.5110698e-01   5.1263963e-01   1.3512421e-01   5.0000000e+00
   8.4863748e-01   5.1167712e-01   1.3363648e-01   5.0000000e+00
   8.4775030e-01   5.1017811e-01   1.3499981e-01   5.0000000e+00
   8.4666153e-01   5.1189928e-01   1.3712156e-01   5.0000000e+00
   8.4611308e-01   5.1281334e-01   1.3717562e-01   5.0000000e+00
